%YAML:1.0
KeyFrames:
   -
      Pose: !!opencv-matrix
         rows: 4
         cols: 4
         dt: f
         data: [ 6.95605636e-01, 7.18268692e-01, -1.49298441e-02,
             -3.56627380e+02, -7.18189836e-01, 6.94698572e-01,
             -3.99660543e-02, -2.23876892e+02, -1.83346234e-02,
             3.85230742e-02, 9.99089479e-01, -1.42848721e+01, 0., 0., 0.,
             1. ]
   -
      Pose: !!opencv-matrix
         rows: 4
         cols: 4
         dt: f
         data: [ 6.69867158e-01, 7.42359996e-01, -1.34021481e-02,
             -3.05681427e+02, -7.42193103e-01, 6.68995738e-01,
             -3.99264209e-02, -1.15721265e+03, -2.06737984e-02,
             3.66923809e-02, 9.99112725e-01, -5.08998184e+01, 0., 0., 0.,
             1. ]
   -
      Pose: !!opencv-matrix
         rows: 4
         cols: 4
         dt: f
         data: [ 6.81942463e-01, 7.31302798e-01, -1.22756679e-02,
             -3.08523926e+02, -7.31065631e-01, 6.81017399e-01,
             -4.19330671e-02, -1.76939111e+03, -2.23058257e-02,
             3.75702567e-02, 9.99045014e-01, -7.85656357e+01, 0., 0., 0.,
             1. ]
   -
      Pose: !!opencv-matrix
         rows: 4
         cols: 4
         dt: f
         data: [ 7.18202770e-01, 6.95762575e-01, -9.96202510e-03,
             -2.65465118e+02, -6.95587397e-01, 7.17493713e-01,
             -3.68907116e-02, -3.25968335e+03, -1.85194854e-02,
             3.34244706e-02, 9.99269664e-01, -1.25444794e+02, 0., 0., 0.,
             1. ]
   -
      Pose: !!opencv-matrix
         rows: 4
         cols: 4
         dt: f
         data: [ 7.00534463e-01, 7.13507175e-01, -1.26083922e-02,
             -3.06439362e+02, -7.13384509e-01, 6.99742973e-01,
             -3.79769392e-02, -3.94767969e+03, -1.82741843e-02,
             3.55987884e-02, 9.99199092e-01, -1.55196289e+02, 0., 0., 0.,
             1. ]
   -
      Pose: !!opencv-matrix
         rows: 4
         cols: 4
         dt: f
         data: [ 6.48375571e-01, 7.61209667e-01, -1.29992170e-02,
             -4.91696167e+02, -7.61026442e-01, 6.47555947e-01,
             -3.88591401e-02, -4.49571094e+03, -2.11622305e-02,
             3.50880660e-02, 9.99160171e-01, -1.82171661e+02, 0., 0., 0.,
             1. ]
   -
      Pose: !!opencv-matrix
         rows: 4
         cols: 4
         dt: f
         data: [ 4.36399519e-01, 8.99674177e-01, -1.19095948e-02,
             -1.25453027e+03, -8.99231315e-01, 4.35657591e-01,
             -3.98183875e-02, -5.02473291e+03, -3.06350701e-02,
             2.80862059e-02, 9.99135971e-01, -2.16321243e+02, 0., 0., 0.,
             1. ]
   -
      Pose: !!opencv-matrix
         rows: 4
         cols: 4
         dt: f
         data: [ 1.19189404e-01, 9.92737234e-01, -1.63289383e-02,
             -2.38493408e+03, -9.92136240e-01, 1.18452199e-01,
             -4.04322334e-02, -5.23057080e+03, -3.82043868e-02,
             2.10196245e-02, 9.99048829e-01, -2.50060532e+02, 0., 0., 0.,
             1. ]
   -
      Pose: !!opencv-matrix
         rows: 4
         cols: 4
         dt: f
         data: [ -2.58229554e-01, 9.65969145e-01, -1.48715377e-02,
             -3.66207373e+03, -9.65093374e-01, -2.58631080e-01,
             -4.12877984e-02, -4.92585547e+03, -4.37289812e-02,
             3.69069306e-03, 9.99036610e-01, -2.57810822e+02, 0., 0., 0.,
             1. ]
   -
      Pose: !!opencv-matrix
         rows: 4
         cols: 4
         dt: f
         data: [ -5.21045387e-01, 8.53403211e-01, -1.46518964e-02,
             -4.49588623e+03, -8.52534175e-01, -5.21189988e-01,
             -3.93250361e-02, -4.39926270e+03, -4.11965325e-02,
             -7.99888559e-03, 9.99119043e-01, -2.39327744e+02, 0., 0.,
             0., 1. ]
   -
      Pose: !!opencv-matrix
         rows: 4
         cols: 4
         dt: f
         data: [ -7.18532324e-01, 6.95355117e-01, -1.38767567e-02,
             -5.11570264e+03, -6.94490731e-01, -7.18424559e-01,
             -3.93542796e-02, -4.09843213e+03, -3.73346023e-02,
             -1.86400451e-02, 9.99128938e-01, -2.32994247e+02, 0., 0.,
             0., 1. ]
   -
      Pose: !!opencv-matrix
         rows: 4
         cols: 4
         dt: f
         data: [ -7.14000404e-01, 7.00000882e-01, -1.42197255e-02,
             -5.09739844e+03, -6.99089885e-01, -7.13891804e-01,
             -4.03962843e-02, -3.99554175e+03, -3.84287797e-02,
             -1.89020969e-02, 9.99082565e-01, -2.34258255e+02, 0., 0.,
             0., 1. ]
   -
      Pose: !!opencv-matrix
         rows: 4
         cols: 4
         dt: f
         data: [ -6.80776715e-01, 7.32408881e-01, -1.09685380e-02,
             -5.05987451e+03, -7.31607318e-01, -6.80614531e-01,
             -3.89177166e-02, -2.55130835e+03, -3.59690264e-02,
             -1.84696130e-02, 9.99182224e-01, -1.56550629e+02, 0., 0.,
             0., 1. ]
   -
      Pose: !!opencv-matrix
         rows: 4
         cols: 4
         dt: f
         data: [ -6.62864506e-01, 7.48613596e-01, -1.37241799e-02,
             -5.06348242e+03, -7.47737229e-01, -6.62814081e-01,
             -3.95794362e-02, -2.08786401e+03, -3.87262851e-02,
             -1.59737226e-02, 9.99122143e-01, -1.52778870e+02, 0., 0.,
             0., 1. ]
   -
      Pose: !!opencv-matrix
         rows: 4
         cols: 4
         dt: f
         data: [ -7.00764775e-01, 7.13137388e-01, -1.90740973e-02,
             -5.05075293e+03, -7.12200820e-01, -7.00888872e-01,
             -3.90487686e-02, -1.13129260e+03, -4.12159599e-02,
             -1.37794130e-02, 9.99055266e-01, -1.39376160e+02, 0., 0.,
             0., 1. ]
   -
      Pose: !!opencv-matrix
         rows: 4
         cols: 4
         dt: f
         data: [ -8.03658247e-01, 5.94898045e-01, -1.51561042e-02,
             -4.87726172e+03, -5.93968272e-01, -8.03445518e-01,
             -4.09511290e-02, 2.44379593e+02, -3.65388505e-02,
             -2.39084680e-02, 9.99046206e-01, -6.36713486e+01, 0., 0.,
             0., 1. ]
   -
      Pose: !!opencv-matrix
         rows: 4
         cols: 4
         dt: f
         data: [ -9.47706342e-01, 3.18768561e-01, -1.54690947e-02,
             -3.88844751e+03, -3.17989409e-01, -9.47287500e-01,
             -3.91040817e-02, 2.71968262e+03, -2.71188319e-02,
             -3.21401767e-02, 9.99115407e-01, 4.62410278e+01, 0., 0., 0.,
             1. ]
   -
      Pose: !!opencv-matrix
         rows: 4
         cols: 4
         dt: f
         data: [ -9.52036023e-01, 3.05475414e-01, -1.76681317e-02,
             -3.83097144e+03, -3.04671168e-01, -9.51710701e-01,
             -3.77117805e-02, 2.73051611e+03, -2.83349715e-02,
             -3.05200033e-02, 9.99132454e-01, 3.58177948e+01, 0., 0., 0.,
             1. ]
   -
      Pose: !!opencv-matrix
         rows: 4
         cols: 4
         dt: f
         data: [ -9.99867022e-01, 4.41928999e-03, -1.56987812e-02,
             -2.40187280e+03, -3.91198741e-03, -9.99473810e-01,
             -3.21997926e-02, 2.27591895e+03, -1.58328209e-02,
             -3.21340971e-02, 9.99358177e-01, 3.41428223e+01, 0., 0., 0.,
             1. ]
   -
      Pose: !!opencv-matrix
         rows: 4
         cols: 4
         dt: f
         data: [ -9.74033356e-01, -2.25403994e-01, -2.12607086e-02,
             -1.53155103e+03, 2.26049185e-01, -9.73466158e-01,
             -3.55722569e-02, 1.73977185e+03, -1.26784518e-02,
             -3.94545309e-02, 9.99140918e-01, 3.06513309e+01, 0., 0., 0.,
             1. ]
   -
      Pose: !!opencv-matrix
         rows: 4
         cols: 4
         dt: f
         data: [ -9.15575922e-01, -4.01749372e-01, -1.78365372e-02,
             -9.40397156e+02, 4.02134389e-01, -9.14974570e-01,
             -3.33085731e-02, 1.09203113e+03, -2.93828011e-03,
             -3.76692116e-02, 9.99285936e-01, 1.91617165e+01, 0., 0., 0.,
             1. ]
   -
      Pose: !!opencv-matrix
         rows: 4
         cols: 4
         dt: f
         data: [ -7.15669632e-01, -6.98205471e-01, -1.80590842e-02,
             -2.75519501e+02, 6.98315501e-01, -7.14817643e-01,
             -3.72996628e-02, -1.79678235e+03, 1.31338788e-02,
             -3.93051729e-02, 9.99140918e-01, -7.15368729e+01, 0., 0.,
             0., 1. ]
   -
      Pose: !!opencv-matrix
         rows: 4
         cols: 4
         dt: f
         data: [ -7.04703510e-01, -7.09175527e-01, -2.15181205e-02,
             -2.82202271e+02, 7.09390402e-01, -7.03731000e-01,
             -3.90888155e-02, -2.89842090e+03, 1.25778634e-02,
             -4.28107753e-02, 9.99004006e-01, -1.17330856e+02, 0., 0.,
             0., 1. ]
   -
      Pose: !!opencv-matrix
         rows: 4
         cols: 4
         dt: f
         data: [ -7.01799154e-01, -7.12228835e-01, -1.44209806e-02,
             -2.80670227e+02, 7.12145984e-01, -7.00916827e-01,
             -3.95435020e-02, -3.80672290e+03, 1.80561151e-02,
             -3.80214415e-02, 9.99113798e-01, -1.54992661e+02, 0., 0.,
             0., 1. ]
   -
      Pose: !!opencv-matrix
         rows: 4
         cols: 4
         dt: f
         data: [ -7.15889454e-01, -6.98019326e-01, -1.64699536e-02,
             -1.80199936e+02, 6.98029399e-01, -7.14959621e-01,
             -3.98455448e-02, -7.91201709e+03, 1.60376076e-02,
             -4.00215164e-02, 9.99070108e-01, -3.18001404e+02, 0., 0.,
             0., 1. ]
   -
      Pose: !!opencv-matrix
         rows: 4
         cols: 4
         dt: f
         data: [ -6.95886731e-01, -7.17985094e-01, -1.54613545e-02,
             -3.69405273e+02, 7.17941821e-01, -6.95002019e-01,
             -3.91374715e-02, -9.14521582e+03, 1.73544493e-02,
             -3.83355990e-02, 9.99114215e-01, -3.63952118e+02, 0., 0.,
             0., 1. ]
   -
      Pose: !!opencv-matrix
         rows: 4
         cols: 4
         dt: f
         data: [ -7.10091829e-01, -7.03936815e-01, -1.55732566e-02,
             -1.61127014e+02, 7.03895092e-01, -7.09157228e-01,
             -4.03446518e-02, -1.11887432e+04, 1.73561964e-02,
             -3.96103449e-02, 9.99064445e-01, -4.54025330e+02, 0., 0.,
             0., 1. ]
   -
      Pose: !!opencv-matrix
         rows: 4
         cols: 4
         dt: f
         data: [ -7.06887960e-01, -7.07109094e-01, -1.74977295e-02,
             -2.11774582e+02, 7.07160234e-01, -7.05971658e-01,
             -3.90948020e-02, -1.18497803e+04, 1.52913881e-02,
             -4.00093421e-02, 9.99082267e-01, -4.66679779e+02, 0., 0.,
             0., 1. ]
   -
      Pose: !!opencv-matrix
         rows: 4
         cols: 4
         dt: f
         data: [ -5.09393156e-01, -8.60407352e-01, -1.47605240e-02,
             -2.83956714e+03, 8.60168040e-01, -5.08601487e-01,
             -3.78869399e-02, -1.21902803e+04, 2.50909757e-02,
             -3.19958776e-02, 9.99172986e-01, -5.04709412e+02, 0., 0.,
             0., 1. ]
   -
      Pose: !!opencv-matrix
         rows: 4
         cols: 4
         dt: f
         data: [ 1.35374591e-02, -9.99763429e-01, -1.70241352e-02,
             -8.09184521e+03, 9.99149740e-01, 1.41883157e-02,
             -3.87103595e-02, -9.97594141e+03, 3.89427468e-02,
             -1.64856203e-02, 9.99105453e-01, -5.23925842e+02, 0., 0.,
             0., 1. ]
   -
      Pose: !!opencv-matrix
         rows: 4
         cols: 4
         dt: f
         data: [ 5.93760908e-01, -8.04498374e-01, -1.51765300e-02,
             -1.15833018e+04, 8.03599954e-01, 5.93846202e-01,
             -3.96707729e-02, -4.45504785e+03, 4.09275964e-02,
             1.13590946e-02, 9.99097526e-01, -3.52825867e+02, 0., 0., 0.,
             1. ]
   -
      Pose: !!opencv-matrix
         rows: 4
         cols: 4
         dt: f
         data: [ 6.65277958e-01, -7.46445656e-01, -1.49685042e-02,
             -1.18077275e+04, 7.45618880e-01, 6.65299237e-01,
             -3.78081426e-02, -3.91204395e+03, 3.81802619e-02,
             1.39921270e-02, 9.99172926e-01, -3.25391083e+02, 0., 0., 0.,
             1. ]
   -
      Pose: !!opencv-matrix
         rows: 4
         cols: 4
         dt: f
         data: [ 7.01734066e-01, -7.12319374e-01, -1.30544491e-02,
             -1.19114600e+04, 7.11415410e-01, 7.01590121e-01,
             -4.07357477e-02, -3.89077734e+03, 3.81757319e-02,
             1.92985237e-02, 9.99084651e-01, -3.14776703e+02, 0., 0., 0.,
             1. ]
   -
      Pose: !!opencv-matrix
         rows: 4
         cols: 4
         dt: f
         data: [ 7.21651137e-01, -6.92096651e-01, -1.48949297e-02,
             -1.19728564e+04, 6.91199958e-01, 7.21571028e-01,
             -3.97220664e-02, -4.29072754e+03, 3.82392593e-02,
             1.83700975e-02, 9.99099731e-01, -3.49153259e+02, 0., 0., 0.,
             1. ]
   -
      Pose: !!opencv-matrix
         rows: 4
         cols: 4
         dt: f
         data: [ 7.28784144e-01, -6.84550464e-01, -1.62584856e-02,
             -1.20075195e+04, 6.83668375e-01, 7.28764713e-01,
             -3.87239680e-02, -5.27819189e+03, 3.83571200e-02,
             1.71060003e-02, 9.99117672e-01, -3.99773071e+02, 0., 0., 0.,
             1. ]
   -
      Pose: !!opencv-matrix
         rows: 4
         cols: 4
         dt: f
         data: [ 7.08626270e-01, -7.05399632e-01, -1.61293261e-02,
             -1.18819912e+04, 7.04488218e-01, 7.08614349e-01,
             -3.95228080e-02, -6.49136035e+03, 3.93088460e-02,
             1.66439787e-02, 9.99088466e-01, -4.48285309e+02, 0., 0., 0.,
             1. ]
   -
      Pose: !!opencv-matrix
         rows: 4
         cols: 4
         dt: f
         data: [ 7.04664648e-01, -7.09367752e-01, -1.56554934e-02,
             -1.18506826e+04, 7.08434582e-01, 7.04626501e-01,
             -4.02736366e-02, -7.47477539e+03, 3.96000929e-02,
             1.72885153e-02, 9.99066055e-01, -4.86691254e+02, 0., 0., 0.,
             1. ]
   -
      Pose: !!opencv-matrix
         rows: 4
         cols: 4
         dt: f
         data: [ 7.10271239e-01, -7.03791976e-01, -1.38435801e-02,
             -1.18910957e+04, 7.02990830e-01, 7.10202813e-01,
             -3.76283266e-02, -8.27170703e+03, 3.63142639e-02,
             1.69944074e-02, 9.99195933e-01, -4.77161316e+02, 0., 0., 0.,
             1. ]
   -
      Pose: !!opencv-matrix
         rows: 4
         cols: 4
         dt: f
         data: [ 7.10703194e-01, -7.03398585e-01, -1.14642903e-02,
             -1.18880752e+04, 7.02534080e-01, 7.10491300e-01,
             -4.05949652e-02, -1.04768789e+04, 3.66997197e-02,
             2.07969155e-02, 9.99109924e-01, -5.63194458e+02, 0., 0., 0.,
             1. ]
   -
      Pose: !!opencv-matrix
         rows: 4
         cols: 4
         dt: f
         data: [ 7.10929692e-01, -7.03104317e-01, -1.49445161e-02,
             -1.18857939e+04, 7.02248037e-01, 7.10884571e-01,
             -3.86109203e-02, -1.13912178e+04, 3.77713293e-02,
             1.69548914e-02, 9.99142587e-01, -6.18283142e+02, 0., 0., 0.,
             1. ]
   -
      Pose: !!opencv-matrix
         rows: 4
         cols: 4
         dt: f
         data: [ 7.21803308e-01, -6.91888332e-01, -1.70451738e-02,
             -1.20441621e+04, 6.90979660e-01, 7.21817791e-01,
             -3.90663333e-02, -1.27275918e+04, 3.93330492e-02,
             1.64203402e-02, 9.99091208e-01, -7.02601440e+02, 0., 0., 0.,
             1. ]
   -
      Pose: !!opencv-matrix
         rows: 4
         cols: 4
         dt: f
         data: [ 7.17926025e-01, -6.95943713e-01, -1.56377368e-02,
             -1.19820850e+04, 6.95020974e-01, 7.17873812e-01,
             -4.00376394e-02, -1.25149336e+04, 3.90898660e-02,
             1.78755093e-02, 9.99075770e-01, -6.88808655e+02, 0., 0., 0.,
             1. ]
   -
      Pose: !!opencv-matrix
         rows: 4
         cols: 4
         dt: f
         data: [ 7.06235945e-01, -7.07821310e-01, -1.48260947e-02,
             -1.18229600e+04, 7.06934810e-01, 7.06177711e-01,
             -3.94495837e-02, -1.18867002e+04, 3.83931138e-02,
             1.73796304e-02, 9.99111593e-01, -6.44940063e+02, 0., 0., 0.,
             1. ]
   -
      Pose: !!opencv-matrix
         rows: 4
         cols: 4
         dt: f
         data: [ 6.97683394e-01, -7.16295362e-01, -1.26019400e-02,
             -1.17125615e+04, 7.15368569e-01, 6.97511435e-01,
             -4.15404327e-02, -1.14056016e+04, 3.85452174e-02,
             1.99670382e-02, 9.99057353e-01, -6.22457703e+02, 0., 0., 0.,
             1. ]
   -
      Pose: !!opencv-matrix
         rows: 4
         cols: 4
         dt: f
         data: [ 6.70958519e-01, -7.41400838e-01, -1.18094599e-02,
             -1.14238652e+04, 7.40472198e-01, 6.70784354e-01,
             -4.18242738e-02, -9.60591016e+03, 3.89301516e-02,
             1.93177778e-02, 9.99055207e-01, -5.37873535e+02, 0., 0., 0.,
             1. ]
   -
      Pose: !!opencv-matrix
         rows: 4
         cols: 4
         dt: f
         data: [ 6.66866302e-01, -7.45058537e-01, -1.33097963e-02,
             -1.13964248e+04, 7.44055450e-01, 6.66735768e-01,
             -4.29527648e-02, -8.63106641e+03, 4.08764407e-02,
             1.87405236e-02, 9.98988450e-01, -5.22848022e+02, 0., 0., 0.,
             1. ]
   -
      Pose: !!opencv-matrix
         rows: 4
         cols: 4
         dt: f
         data: [ 6.64005220e-01, -7.47592807e-01, -1.42170032e-02,
             -1.13836602e+04, 7.46476591e-01, 6.63873672e-01,
             -4.52159382e-02, -7.86852393e+03, 4.32414040e-02,
             1.94109585e-02, 9.98876095e-01, -5.17281616e+02, 0., 0., 0.,
             1. ]
   -
      Pose: !!opencv-matrix
         rows: 4
         cols: 4
         dt: f
         data: [ 6.28925383e-01, -7.77329683e-01, -1.45386476e-02,
             -1.11258477e+04, 7.76308358e-01, 6.28899336e-01,
             -4.27894071e-02, -7.42459180e+03, 4.24048230e-02,
             1.56248715e-02, 9.98978317e-01, -4.79443604e+02, 0., 0., 0.,
             1. ]
   -
      Pose: !!opencv-matrix
         rows: 4
         cols: 4
         dt: f
         data: [ 5.70674896e-01, -8.21033359e-01, -1.53095368e-02,
             -1.07265986e+04, 8.19975317e-01, 5.70749283e-01,
             -4.34248783e-02, -7.32607813e+03, 4.43911813e-02,
             1.22280465e-02, 9.98939395e-01, -4.81950928e+02, 0., 0., 0.,
             1. ]
   -
      Pose: !!opencv-matrix
         rows: 4
         cols: 4
         dt: f
         data: [ 4.85408396e-01, -8.74174058e-01, -1.40844304e-02,
             -1.01663037e+04, 8.73210907e-01, 4.85546947e-01,
             -4.17951494e-02, -7.42825928e+03, 4.33748923e-02,
             7.98903871e-03, 9.99026895e-01, -4.53984009e+02, 0., 0., 0.,
             1. ]
   -
      Pose: !!opencv-matrix
         rows: 4
         cols: 4
         dt: f
         data: [ 2.77437091e-01, -9.60664809e-01, -1.23199839e-02,
             -8.77902148e+03, 9.59847569e-01, 2.77709275e-01,
             -3.96259278e-02, -8.54279980e+03, 4.14886102e-02,
             -8.31603422e-04, 9.99138653e-01, -4.48062622e+02, 0., 0.,
             0., 1. ]
   -
      Pose: !!opencv-matrix
         rows: 4
         cols: 4
         dt: f
         data: [ 8.81095231e-02, -9.96002853e-01, -1.46647673e-02,
             -7.38238672e+03, 9.95231032e-01, 8.86407793e-02,
             -4.07190546e-02, -9.42442773e+03, 4.18561921e-02,
             -1.10070938e-02, 9.99063015e-01, -4.92401764e+02, 0., 0.,
             0., 1. ]
   -
      Pose: !!opencv-matrix
         rows: 4
         cols: 4
         dt: f
         data: [ -1.41997844e-01, -9.89752650e-01, -1.50414864e-02,
             -5.52686328e+03, 9.89159942e-01, -1.41305834e-01,
             -3.99402268e-02, -1.01338633e+04, 3.74054946e-02,
             -2.05498617e-02, 9.99088824e-01, -4.88291840e+02, 0., 0.,
             0., 1. ]
   -
      Pose: !!opencv-matrix
         rows: 4
         cols: 4
         dt: f
         data: [ -3.63090336e-01, -9.31662858e-01, -1.30275153e-02,
             -3.55571265e+03, 9.31252539e-01, -3.62400800e-01,
             -3.78734022e-02, -1.03079512e+04, 3.05640623e-02,
             -2.58833729e-02, 9.99197602e-01, -4.38212372e+02, 0., 0.,
             0., 1. ]
   -
      Pose: !!opencv-matrix
         rows: 4
         cols: 4
         dt: f
         data: [ -5.40903747e-01, -8.40973675e-01, -1.36534097e-02,
             -1.86837732e+03, 8.40812027e-01, -5.40244162e-01,
             -3.42245623e-02, -9.68745117e+03, 2.14057807e-02,
             -2.99921464e-02, 9.99320924e-01, -3.59028900e+02, 0., 0.,
             0., 1. ]
   -
      Pose: !!opencv-matrix
         rows: 4
         cols: 4
         dt: f
         data: [ -5.86484730e-01, -8.09843957e-01, -1.37275262e-02,
             -1.41906958e+03, 8.09701085e-01, -5.85784078e-01,
             -3.52296904e-02, -1.01610791e+04, 2.04891842e-02,
             -3.17768678e-02, 9.99284983e-01, -3.79198395e+02, 0., 0.,
             0., 1. ]
   -
      Pose: !!opencv-matrix
         rows: 4
         cols: 4
         dt: f
         data: [ -8.58754754e-01, -5.12161851e-01, -1.51811987e-02,
             2.24767603e+03, 5.12347519e-01, -8.57944906e-01,
             -3.78234275e-02, -1.09430088e+04, 6.34708488e-03,
             -4.02590968e-02, 9.99169111e-01, -3.80476929e+02, 0., 0.,
             0., 1. ]
   -
      Pose: !!opencv-matrix
         rows: 4
         cols: 4
         dt: f
         data: [ -9.50171173e-01, -3.11481059e-01, -1.24191754e-02,
             4.25331885e+03, 3.11728030e-01, -9.49342430e-01,
             -3.96811962e-02, -1.06471035e+04, 5.69891010e-04,
             -4.15753350e-02, 9.99135196e-01, -3.70949829e+02, 0., 0.,
             0., 1. ]
   -
      Pose: !!opencv-matrix
         rows: 4
         cols: 4
         dt: f
         data: [ -9.91771936e-01, -1.27578974e-01, -1.05854645e-02,
             5.89785400e+03, 1.27912000e-01, -9.90916252e-01,
             -4.15146016e-02, -1.00332070e+04, -5.19291917e-03,
             -4.25270237e-02, 9.99081850e-01, -3.55638184e+02, 0., 0.,
             0., 1. ]
   -
      Pose: !!opencv-matrix
         rows: 4
         cols: 4
         dt: f
         data: [ -9.94400442e-01, 1.05243959e-01, -9.56186187e-03,
             7.70797607e+03, -1.04767889e-01, -9.93643701e-01,
             -4.11805622e-02, -8.90476270e+03, -1.38350893e-02,
             -3.99481952e-02, 9.99105990e-01, -2.94923828e+02, 0., 0.,
             0., 1. ]
   -
      Pose: !!opencv-matrix
         rows: 4
         cols: 4
         dt: f
         data: [ -9.53369915e-01, 3.01609248e-01, -1.08476421e-02,
             9.04999512e+03, -3.00956547e-01, -9.52769816e-01,
             -4.06790748e-02, -7.83611377e+03, -2.26044916e-02,
             -3.55175398e-02, 9.99113381e-01, -2.22087112e+02, 0., 0.,
             0., 1. ]
   -
      Pose: !!opencv-matrix
         rows: 4
         cols: 4
         dt: f
         data: [ -8.57044041e-01, 5.15123844e-01, -1.10874046e-02,
             1.03508896e+04, -5.14216602e-01, -8.56496155e-01,
             -4.46717106e-02, -6.62897656e+03, -3.25077809e-02,
             -3.25842947e-02, 9.98940170e-01, -1.81878922e+02, 0., 0.,
             0., 1. ]
   -
      Pose: !!opencv-matrix
         rows: 4
         cols: 4
         dt: f
         data: [ -8.08236182e-01, 5.88673830e-01, -1.47449197e-02,
             1.07878672e+04, -5.87856293e-01, -8.08067918e-01,
             -3.80951762e-02, -6.54746924e+03, -3.43405306e-02,
             -2.21220050e-02, 9.99165297e-01, -9.09220657e+01, 0., 0.,
             0., 1. ]
   -
      Pose: !!opencv-matrix
         rows: 4
         cols: 4
         dt: f
         data: [ -7.71936893e-01, 6.35555685e-01, -1.35062784e-02,
             1.10997510e+04, -6.34683609e-01, -7.71730125e-01,
             -4.01161648e-02, -7.32052344e+03, -3.59192602e-02,
             -2.23949347e-02, 9.99103725e-01, -1.44359558e+02, 0., 0.,
             0., 1. ]
   -
      Pose: !!opencv-matrix
         rows: 4
         cols: 4
         dt: f
         data: [ -7.67851949e-01, 6.40471637e-01, -1.41232396e-02,
             1.11487383e+04, -6.39662981e-01, -7.67718911e-01,
             -3.79337594e-02, -8.19522070e+03, -3.51381749e-02,
             -2.00933963e-02, 9.99180436e-01, -1.54290009e+02, 0., 0.,
             0., 1. ]
   -
      Pose: !!opencv-matrix
         rows: 4
         cols: 4
         dt: f
         data: [ -6.99538410e-01, 7.14429677e-01, -1.53687932e-02,
             1.18926670e+04, -7.13489115e-01, -6.99490368e-01,
             -4.05770876e-02, -9.58632617e+03, -3.97397988e-02,
             -1.74197648e-02, 9.99058187e-01, -2.06109238e+02, 0., 0.,
             0., 1. ]
   -
      Pose: !!opencv-matrix
         rows: 4
         cols: 4
         dt: f
         data: [ -7.46931553e-01, 6.64816439e-01, -1.06003974e-02,
             1.12782520e+04, -6.64089322e-01, -7.46712506e-01,
             -3.74945849e-02, -1.24973506e+04, -3.28424647e-02,
             -2.09662784e-02, 9.99240577e-01, -3.51391846e+02, 0., 0.,
             0., 1. ]
   -
      Pose: !!opencv-matrix
         rows: 4
         cols: 4
         dt: f
         data: [ -7.22996473e-01, 6.90728486e-01, -1.30469110e-02,
             1.16251191e+04, -6.89798772e-01, -7.22808063e-01,
             -4.15468849e-02, -1.12557744e+04, -3.81280296e-02,
             -2.10385080e-02, 9.99051392e-01, -3.16584839e+02, 0., 0.,
             0., 1. ]
   -
      Pose: !!opencv-matrix
         rows: 4
         cols: 4
         dt: f
         data: [ -6.96779490e-01, 7.17155755e-01, -1.36374878e-02,
             1.19498525e+04, -7.16166079e-01, -6.96628153e-01,
             -4.26077284e-02, -9.90525781e+03, -4.00566347e-02,
             -1.99214835e-02, 9.98998821e-01, -2.59199677e+02, 0., 0.,
             0., 1. ]
   -
      Pose: !!opencv-matrix
         rows: 4
         cols: 4
         dt: f
         data: [ -6.91134691e-01, 7.22521544e-01, -1.71875954e-02,
             1.20046621e+04, -7.21479595e-01, -6.91143751e-01,
             -4.22794856e-02, -8.95694238e+03, -4.24269401e-02,
             -1.68203209e-02, 9.98957992e-01, -1.71213974e+02, 0., 0.,
             0., 1. ]
   -
      Pose: !!opencv-matrix
         rows: 4
         cols: 4
         dt: f
         data: [ -7.17488706e-01, 6.96461856e-01, -1.22815706e-02,
             1.17339736e+04, -6.95547402e-01, -7.17278957e-01,
             -4.15289551e-02, -8.39055176e+03, -3.77326459e-02,
             -2.12541409e-02, 9.99061823e-01, -2.05122833e+02, 0., 0.,
             0., 1. ]
   -
      Pose: !!opencv-matrix
         rows: 4
         cols: 4
         dt: f
         data: [ -7.28364885e-01, 6.85044944e-01, -1.40695022e-02,
             1.15894570e+04, -6.84145868e-01, -7.28235066e-01,
             -4.02258970e-02, -5.26166748e+03, -3.78024541e-02,
             -1.96735412e-02, 9.99091566e-01, -4.88895073e+01, 0., 0.,
             0., 1. ]
   -
      Pose: !!opencv-matrix
         rows: 4
         cols: 4
         dt: f
         data: [ -7.21905649e-01, 6.91866279e-01, -1.31654646e-02,
             1.16070557e+04, -6.90850914e-01, -7.21677184e-01,
             -4.36701961e-02, -4.03210718e+03, -3.97151522e-02,
             -2.24303864e-02, 9.98959243e-01, -2.30882282e+01, 0., 0.,
             0., 1. ]
   -
      Pose: !!opencv-matrix
         rows: 4
         cols: 4
         dt: f
         data: [ -7.86520004e-01, 6.17395341e-01, -1.44685507e-02,
             1.13969521e+04, -6.16430759e-01, -7.86279321e-01,
             -4.21658792e-02, -4.11738135e+03, -3.74093391e-02,
             -2.42454465e-02, 9.99005854e-01, -8.39153671e+00, 0., 0.,
             0., 1. ]
   -
      Pose: !!opencv-matrix
         rows: 4
         cols: 4
         dt: f
         data: [ -9.40838635e-01, 3.38628560e-01, -1.23819485e-02,
             1.02049873e+04, -3.37896943e-01, -9.40298080e-01,
             -4.08070907e-02, -6.69354639e+03, -2.54611690e-02,
             -3.42090651e-02, 9.99090314e-01, -1.47636871e+02, 0., 0.,
             0., 1. ]
   -
      Pose: !!opencv-matrix
         rows: 4
         cols: 4
         dt: f
         data: [ -9.99915063e-01, 3.77088320e-03, -1.24745304e-02,
             8.09012207e+03, -3.25776427e-03, -9.99157906e-01,
             -4.09009419e-02, -8.92509961e+03, -1.26182586e-02,
             -4.08568271e-02, 9.99085307e-01, -2.65029846e+02, 0., 0.,
             0., 1. ]
   -
      Pose: !!opencv-matrix
         rows: 4
         cols: 4
         dt: f
         data: [ -9.78935897e-01, -2.03672454e-01, -1.42144579e-02,
             6.46737012e+03, 2.04082444e-01, -9.78165686e-01,
             -3.92709188e-02, -9.84427539e+03, -5.90569060e-03,
             -4.13446352e-02, 9.99127507e-01, -2.95332153e+02, 0., 0.,
             0., 1. ]
   -
      Pose: !!opencv-matrix
         rows: 4
         cols: 4
         dt: f
         data: [ -9.78226006e-01, -2.06911385e-01, -1.61730815e-02,
             6.44292822e+03, 2.07392260e-01, -9.77509916e-01,
             -3.82467546e-02, -9.91865918e+03, -7.89565872e-03,
             -4.07681391e-02, 9.99137461e-01, -2.75334320e+02, 0., 0.,
             0., 1. ]
   -
      Pose: !!opencv-matrix
         rows: 4
         cols: 4
         dt: f
         data: [ -8.70550811e-01, -4.91766185e-01, -1.75301526e-02,
             3.54381250e+03, 4.92064685e-01, -8.69706392e-01,
             -3.85119468e-02, -1.23855010e+04, 3.69278761e-03,
             -4.21525761e-02, 9.99104381e-01, -4.14635803e+02, 0., 0.,
             0., 1. ]
   -
      Pose: !!opencv-matrix
         rows: 4
         cols: 4
         dt: f
         data: [ -8.51817489e-01, -5.23495674e-01, -1.89554654e-02,
             3.21373926e+03, 5.23816109e-01, -8.50886762e-01,
             -4.01049778e-02, -1.37831162e+04, 4.86582657e-03,
             -4.40912992e-02, 9.99015629e-01, -4.90868408e+02, 0., 0.,
             0., 1. ]
   -
      Pose: !!opencv-matrix
         rows: 4
         cols: 4
         dt: f
         data: [ -7.62189209e-01, -6.47179544e-01, -1.50419753e-02,
             1.23755139e+03, 6.47222161e-01, -7.61358380e-01,
             -3.79055925e-02, -1.63379912e+04, 1.30793890e-02,
             -3.86267342e-02, 9.99168098e-01, -6.01608154e+02, 0., 0.,
             0., 1. ]
   -
      Pose: !!opencv-matrix
         rows: 4
         cols: 4
         dt: f
         data: [ -7.37317741e-01, -6.75340533e-01, -1.66642591e-02,
             6.73253113e+02, 6.75411582e-01, -7.36454248e-01,
             -3.81357260e-02, -1.73260684e+04, 1.34821385e-02,
             -3.93733829e-02, 9.99133587e-01, -6.49878052e+02, 0., 0.,
             0., 1. ]
   -
      Pose: !!opencv-matrix
         rows: 4
         cols: 4
         dt: f
         data: [ -7.16996610e-01, -6.96854711e-01, -1.75903421e-02,
             2.39897430e+02, 6.96916044e-01, -7.16061354e-01,
             -3.95497829e-02, -1.96902285e+04, 1.49646876e-02,
             -4.06160504e-02, 9.99062777e-01, -7.74393616e+02, 0., 0.,
             0., 1. ]
   -
      Pose: !!opencv-matrix
         rows: 4
         cols: 4
         dt: f
         data: [ -7.15101242e-01, -6.98784769e-01, -1.81683227e-02,
             1.95734085e+02, 6.98873937e-01, -7.14176536e-01,
             -3.90783399e-02, -2.06855176e+04, 1.43319573e-02,
             -4.06423360e-02, 9.99070942e-01, -8.04589966e+02, 0., 0.,
             0., 1. ]
   -
      Pose: !!opencv-matrix
         rows: 4
         cols: 4
         dt: f
         data: [ -7.01774001e-01, -7.12203085e-01, -1.67330597e-02,
             -1.75405853e+02, 7.12214828e-01, -7.00863302e-01,
             -3.92509475e-02, -2.21395918e+04, 1.62270591e-02,
             -3.94628271e-02, 9.99089241e-01, -8.72245850e+02, 0., 0.,
             0., 1. ]
   -
      Pose: !!opencv-matrix
         rows: 4
         cols: 4
         dt: f
         data: [ -7.00120211e-01, -7.13770986e-01, -1.90442689e-02,
             -2.18116013e+02, 7.13871777e-01, -6.99168503e-01,
             -3.93757485e-02, -2.29354023e+04, 1.47901122e-02,
             -4.11629230e-02, 9.99042988e-01, -9.06782715e+02, 0., 0.,
             0., 1. ]
   -
      Pose: !!opencv-matrix
         rows: 4
         cols: 4
         dt: f
         data: [ -6.96359277e-01, -7.17451096e-01, -1.86454337e-02,
             -3.30296478e+02, 7.17545986e-01, -6.95455015e-01,
             -3.83412950e-02, -2.48564980e+04, 1.45409442e-02,
             -4.00782749e-02, 9.99090731e-01, -9.59097778e+02, 0., 0.,
             0., 1. ]
   -
      Pose: !!opencv-matrix
         rows: 4
         cols: 4
         dt: f
         data: [ -6.95414543e-01, -7.18455791e-01, -1.48290815e-02,
             -3.54800140e+02, 7.18388617e-01, -6.94542646e-01,
             -3.90937813e-02, -2.56944570e+04, 1.77877247e-02,
             -3.78394276e-02, 9.99125481e-01, -1.01087024e+03, 0., 0.,
             0., 1. ]
   -
      Pose: !!opencv-matrix
         rows: 4
         cols: 4
         dt: f
         data: [ -6.91040576e-01, -7.22651958e-01, -1.53984493e-02,
             -5.05437317e+02, 7.22589195e-01, -6.90133393e-01,
             -3.97586003e-02, -2.66818770e+04, 1.81046445e-02,
             -3.86015587e-02, 9.99090672e-01, -1.06946838e+03, 0., 0.,
             0., 1. ]
   -
      Pose: !!opencv-matrix
         rows: 4
         cols: 4
         dt: f
         data: [ -6.76175117e-01, -7.36596227e-01, -1.46013321e-02,
             -9.99666809e+02, 7.36488521e-01, -6.75292075e-01,
             -3.95633951e-02, -2.74742402e+04, 1.92820821e-02,
             -3.75054963e-02, 9.99110401e-01, -1.10275940e+03, 0., 0.,
             0., 1. ]
   -
      Pose: !!opencv-matrix
         rows: 4
         cols: 4
         dt: f
         data: [ -7.11137652e-01, -7.02907085e-01, -1.43156545e-02,
             3.26309937e+02, 7.02812314e-01, -7.10214376e-01,
             -4.06259224e-02, -3.06886289e+04, 1.83890648e-02,
             -3.89518403e-02, 9.99071896e-01, -1.24330786e+03, 0., 0.,
             0., 1. ]
   -
      Pose: !!opencv-matrix
         rows: 4
         cols: 4
         dt: f
         data: [ -6.96745217e-01, -7.17191160e-01, -1.35280173e-02,
             -2.48075287e+02, 7.17083454e-01, -6.95909858e-01,
             -3.87396477e-02, -3.17606074e+04, 1.83694512e-02,
             -3.66923809e-02, 9.99157786e-01, -1.23556604e+03, 0., 0.,
             0., 1. ]
   -
      Pose: !!opencv-matrix
         rows: 4
         cols: 4
         dt: f
         data: [ -6.89734042e-01, -7.23851323e-01, -1.74991973e-02,
             -4.81801147e+02, 7.23877966e-01, -6.88810468e-01,
             -3.92533205e-02, -3.62163047e+04, 1.63599383e-02,
             -3.97416353e-02, 9.99076068e-01, -1.43060620e+03, 0., 0.,
             0., 1. ]
   -
      Pose: !!opencv-matrix
         rows: 4
         cols: 4
         dt: f
         data: [ -6.86371982e-01, -7.27010667e-01, -1.86830536e-02,
             -6.34801208e+02, 7.27074683e-01, -6.85414255e-01,
             -3.96190099e-02, -3.71982266e+04, 1.59978103e-02,
             -4.07773517e-02, 9.99040186e-01, -1.48578088e+03, 0., 0.,
             0., 1. ]
   -
      Pose: !!opencv-matrix
         rows: 4
         cols: 4
         dt: f
         data: [ -6.88332796e-01, -7.25172937e-01, -1.79502890e-02,
             -5.32819519e+02, 7.25199103e-01, -6.87361002e-01,
             -4.02631722e-02, -3.82726094e+04, 1.68594345e-02,
             -4.07319926e-02, 9.99027848e-01, -1.55090344e+03, 0., 0.,
             0., 1. ]
   -
      Pose: !!opencv-matrix
         rows: 4
         cols: 4
         dt: f
         data: [ -6.95730865e-01, -7.18130410e-01, -1.57251246e-02,
             -1.37775711e+02, 7.18105853e-01, -6.94861352e-01,
             -3.86225395e-02, -4.02001836e+04, 1.68092400e-02,
             -3.81631963e-02, 9.99130130e-01, -1.55617175e+03, 0., 0.,
             0., 1. ]
   -
      Pose: !!opencv-matrix
         rows: 4
         cols: 4
         dt: f
         data: [ -6.96696401e-01, -7.17162430e-01, -1.70927104e-02,
             -1.04091522e+02, 7.17196703e-01, -6.95816398e-01,
             -3.83199789e-02, -4.11761875e+04, 1.55882612e-02,
             -3.89562249e-02, 9.99119341e-01, -1.58064038e+03, 0., 0.,
             0., 1. ]
   -
      Pose: !!opencv-matrix
         rows: 4
         cols: 4
         dt: f
         data: [ -8.50984633e-01, -5.24972379e-01, -1.51380980e-02,
             9.90312305e+03, 5.25139391e-01, -8.50145400e-01,
             -3.84891555e-02, -4.17514531e+04, 7.33615970e-03,
             -4.07032892e-02, 9.99144316e-01, -1.45857068e+03, 0., 0.,
             0., 1. ]
   -
      Pose: !!opencv-matrix
         rows: 4
         cols: 4
         dt: f
         data: [ -9.62425530e-01, -2.71225512e-01, -1.31824436e-02,
             2.06392852e+04, 2.71535158e-01, -9.61680830e-01,
             -3.79290730e-02, -3.83520469e+04, -2.38997117e-03,
             -4.00834046e-02, 9.99193490e-01, -1.18461865e+03, 0., 0.,
             0., 1. ]
   -
      Pose: !!opencv-matrix
         rows: 4
         cols: 4
         dt: f
         data: [ -9.99929547e-01, -4.08746442e-03, -1.11451801e-02,
             2.97969355e+04, 4.50122310e-03, -9.99291897e-01,
             -3.73557061e-02, -3.23520918e+04, -1.09845987e-02,
             -3.74032408e-02, 9.99239862e-01, -8.79043640e+02, 0., 0.,
             0., 1. ]
   -
      Pose: !!opencv-matrix
         rows: 4
         cols: 4
         dt: f
         data: [ -9.64630485e-01, 2.63262331e-01, -1.34530636e-02,
             3.70017188e+04, -2.62589663e-01, -9.64136481e-01,
             -3.85678411e-02, -2.41207461e+04, -2.31240503e-02,
             -3.36710811e-02, 9.99165416e-01, -4.33699554e+02, 0., 0.,
             0., 1. ]
   -
      Pose: !!opencv-matrix
         rows: 4
         cols: 4
         dt: f
         data: [ -8.84173930e-01, 4.67011839e-01, -1.16818231e-02,
             4.10639219e+04, -4.66311127e-01, -8.83800209e-01,
             -3.80943120e-02, -1.62211064e+04, -2.81148907e-02,
             -2.82346308e-02, 9.99205887e-01, -1.39916519e+02, 0., 0.,
             0., 1. ]
   -
      Pose: !!opencv-matrix
         rows: 4
         cols: 4
         dt: f
         data: [ -7.29937494e-01, 6.83425903e-01, -1.09658679e-02,
             4.35399453e+04, -6.82605684e-01, -7.29700565e-01,
             -3.98315787e-02, -5.60569922e+03, -3.52237336e-02,
             -2.15891991e-02, 9.99146223e-01, 2.52945023e+02, 0., 0., 0.,
             1. ]
   -
      Pose: !!opencv-matrix
         rows: 4
         cols: 4
         dt: f
         data: [ -7.09504187e-01, 7.04641402e-01, -9.17961355e-03,
             4.36409805e+04, -7.03849018e-01, -7.09226489e-01,
             -3.99290174e-02, -3.94128516e+03, -3.46460640e-02,
             -2.18687430e-02, 9.99160349e-01, 2.41405426e+02, 0., 0., 0.,
             1. ]
   -
      Pose: !!opencv-matrix
         rows: 4
         cols: 4
         dt: f
         data: [ -6.57935858e-01, 7.53020048e-01, -9.01088119e-03,
             4.36516016e+04, -7.52258897e-01, -6.57733262e-01,
             -3.86462323e-02, -9.78416138e+01, -3.50281447e-02,
             -1.86482277e-02, 9.99212325e-01, 3.87469482e+02, 0., 0., 0.,
             1. ]
   -
      Pose: !!opencv-matrix
         rows: 4
         cols: 4
         dt: f
         data: [ -4.78707224e-01, 8.77915025e-01, -1.02268914e-02,
             4.21413398e+04, -8.77028406e-01, -4.78699535e-01,
             -4.08405364e-02, 1.01332979e+04, -4.07501310e-02,
             -1.05813863e-02, 9.99113321e-01, 8.44094055e+02, 0., 0., 0.,
             1. ]
   -
      Pose: !!opencv-matrix
         rows: 4
         cols: 4
         dt: f
         data: [ -2.50585616e-01, 9.68034625e-01, -1.07600633e-02,
             3.78846680e+04, -9.67188179e-01, -2.50816405e-01,
             -4.04740386e-02, 2.06852910e+04, -4.18790728e-02,
             2.64794013e-04, 9.99122679e-01, 1.24458142e+03, 0., 0., 0.,
             1. ]
   -
      Pose: !!opencv-matrix
         rows: 4
         cols: 4
         dt: f
         data: [ 5.77210449e-02, 9.98269737e-01, -1.12146623e-02,
             2.90861738e+04, -9.97559845e-01, 5.72307706e-02,
             -3.99877988e-02, 3.18900117e+04, -3.92767861e-02,
             1.34954350e-02, 9.99137223e-01, 1.60146948e+03, 0., 0., 0.,
             1. ]
   -
      Pose: !!opencv-matrix
         rows: 4
         cols: 4
         dt: f
         data: [ 5.87020457e-01, 8.09434652e-01, -1.49164377e-02,
             5.93424072e+03, -8.09274018e-01, 5.86204708e-01,
