%YAML:1.0
KeyFrames:
   -
      Pose: !!opencv-matrix
         rows: 4
         cols: 4
         dt: f
         data: [ 6.95605636e-01, 7.18268692e-01, -1.49298441e-02,
             -3.56627380e+02, -7.18189836e-01, 6.94698572e-01,
             -3.99660543e-02, -2.23876892e+02, -1.83346234e-02,
             3.85230742e-02, 9.99089479e-01, -1.42848721e+01, 0., 0., 0.,
             1. ]
   -
      Pose: !!opencv-matrix
         rows: 4
         cols: 4
         dt: f
         data: [ 6.69678867e-01, 7.42495656e-01, -1.51785370e-02,
             -3.07226227e+02, -7.42361486e-01, 6.68707669e-01,
             -4.15867195e-02, -8.33319702e+02, -2.07279548e-02,
             3.91177088e-02, 9.99019623e-01, -3.89040756e+01, 0., 0., 0.,
             1. ]
   -
      Pose: !!opencv-matrix
         rows: 4
         cols: 4
         dt: f
         data: [ 7.01317430e-01, 7.12729156e-01, -1.30761070e-02,
             -2.95496765e+02, -7.12613165e-01, 7.00495422e-01,
             -3.85830551e-02, -2.41239771e+03, -1.83395166e-02,
             3.63771766e-02, 9.99169827e-01, -9.79933777e+01, 0., 0., 0.,
             1. ]
   -
      Pose: !!opencv-matrix
         rows: 4
         cols: 4
         dt: f
         data: [ 7.15949178e-01, 6.98080242e-01, -1.00353956e-02,
             -2.66668793e+02, -6.97883725e-01, 7.15200961e-01,
             -3.80256847e-02, -3.25820874e+03, -1.93676557e-02,
             3.42279971e-02, 9.99226391e-01, -1.28850479e+02, 0., 0., 0.,
             1. ]
   -
      Pose: !!opencv-matrix
         rows: 4
         cols: 4
         dt: f
         data: [ 6.75516129e-01, 7.37208426e-01, -1.42018320e-02,
             -3.90560516e+02, -7.37095356e-01, 6.74660563e-01,
             -3.90333049e-02, -4.38121289e+03, -1.91942658e-02,
             3.68357301e-02, 9.99136984e-01, -1.77192871e+02, 0., 0., 0.,
             1. ]
   -
      Pose: !!opencv-matrix
         rows: 4
         cols: 4
         dt: f
         data: [ 3.31033230e-01, 9.43506718e-01, -1.45646008e-02,
             -1.62004285e+03, -9.43044722e-01, 3.30253839e-01,
             -3.99889126e-02, -5.14793896e+03, -3.29197906e-02,
             2.69727279e-02, 9.99093950e-01, -2.29789047e+02, 0., 0., 0.,
             1. ]
   -
      Pose: !!opencv-matrix
         rows: 4
         cols: 4
         dt: f
         data: [ -1.58141032e-01, 9.87262785e-01, -1.74235720e-02,
             -3.30597070e+03, -9.86496866e-01, -1.58730552e-01,
             -4.03552763e-02, -5.05743457e+03, -4.26069163e-02,
             1.08064739e-02, 9.99033451e-01, -2.60961304e+02, 0., 0., 0.,
             1. ]
   -
      Pose: !!opencv-matrix
         rows: 4
         cols: 4
         dt: f
         data: [ -5.58433175e-01, 8.29443634e-01, -1.32553643e-02,
             -4.59635107e+03, -8.28508854e-01, -5.58461547e-01,
             -4.11561616e-02, -4.30765234e+03, -4.15393263e-02,
             -1.20007787e-02, 9.99064803e-01, -2.38775040e+02, 0., 0.,
             0., 1. ]
   -
      Pose: !!opencv-matrix
         rows: 4
         cols: 4
         dt: f
         data: [ -7.20952451e-01, 6.92856967e-01, -1.32967699e-02,
             -5.12594238e+03, -6.92035675e-01, -7.20836461e-01,
             -3.84891592e-02, -4.02429077e+03, -3.62522788e-02,
             -1.85470153e-02, 9.99170542e-01, -2.24152237e+02, 0., 0.,
             0., 1. ]
   -
      Pose: !!opencv-matrix
         rows: 4
         cols: 4
         dt: f
         data: [ -7.09154665e-01, 7.04847336e-01, -1.70257501e-02,
             -5.10643359e+03, -7.03860343e-01, -7.09152639e-01,
             -4.10260782e-02, -3.25856274e+03, -4.09909785e-02,
             -1.71100851e-02, 9.99013007e-01, -2.19855057e+02, 0., 0.,
             0., 1. ]
   -
      Pose: !!opencv-matrix
         rows: 4
         cols: 4
         dt: f
         data: [ -7.06088841e-01, 7.07978904e-01, -1.42973466e-02,
             -5.10468506e+03, -7.07038701e-01, -7.05980718e-01,
             -4.10791971e-02, -2.96500098e+03, -3.91768552e-02,
             -1.88967846e-02, 9.99053597e-01, -1.94944199e+02, 0., 0.,
             0., 1. ]
   -
      Pose: !!opencv-matrix
         rows: 4
         cols: 4
         dt: f
         data: [ -6.86867416e-01, 7.26706266e-01, -1.05452426e-02,
             -5.09171533e+03, -7.25836694e-01, -6.86641216e-01,
             -4.10478674e-02, -2.52253198e+03, -3.70705388e-02,
             -2.05403175e-02, 9.99101520e-01, -1.58708954e+02, 0., 0.,
             0., 1. ]
   -
      Pose: !!opencv-matrix
         rows: 4
         cols: 4
         dt: f
         data: [ -6.63389504e-01, 7.48125374e-01, -1.49251958e-02,
             -5.08307275e+03, -7.47112155e-01, -6.63338661e-01,
             -4.24886607e-02, -1.90116296e+03, -4.16873060e-02,
             -1.70357376e-02, 9.98985469e-01, -1.56236679e+02, 0., 0.,
             0., 1. ]
   -
      Pose: !!opencv-matrix
         rows: 4
         cols: 4
         dt: f
         data: [ -7.89157987e-01, 6.13907814e-01, -1.86251886e-02,
             -4.93797412e+03, -6.12915456e-01, -7.89110601e-01,
             -4.04860973e-02, -3.13799000e+01, -3.95520665e-02,
             -2.05342602e-02, 9.99006510e-01, -9.18828049e+01, 0., 0.,
             0., 1. ]
   -
      Pose: !!opencv-matrix
         rows: 4
         cols: 4
         dt: f
         data: [ -9.22507107e-01, 3.85401487e-01, -2.11262740e-02,
             -4.20437012e+03, -3.84425551e-01, -9.22321856e-01,
             -3.92352343e-02, 2.12503516e+03, -3.46065424e-02,
             -2.80733034e-02, 9.99006629e-01, -3.39069772e+00, 0., 0.,
             0., 1. ]
   -
      Pose: !!opencv-matrix
         rows: 4
         cols: 4
         dt: f
         data: [ -9.49737251e-01, 3.12339634e-01, -2.10507978e-02,
             -3.88987524e+03, -3.11398894e-01, -9.49488699e-01,
             -3.87549661e-02, 2.71435962e+03, -3.20922062e-02,
             -3.02518383e-02, 9.99027014e-01, 2.48833809e+01, 0., 0., 0.,
             1. ]
   -
      Pose: !!opencv-matrix
         rows: 4
         cols: 4
         dt: f
         data: [ -9.73083138e-01, 2.29502544e-01, -2.09242851e-02,
             -3.49581250e+03, -2.28606075e-01, -9.72767949e-01,
             -3.82334851e-02, 2.80280396e+03, -2.91291550e-02,
             -3.24209407e-02, 9.99049723e-01, 3.43100471e+01, 0., 0., 0.,
             1. ]
   -
      Pose: !!opencv-matrix
         rows: 4
         cols: 4
         dt: f
         data: [ -9.98960197e-01, -4.30295952e-02, -1.50660444e-02,
             -2.22977832e+03, 4.35100235e-02, -9.98502433e-01,
             -3.31624635e-02, 2.69220044e+03, -1.36165144e-02,
             -3.37835066e-02, 9.99336421e-01, 5.42501411e+01, 0., 0., 0.,
             1. ]
   -
      Pose: !!opencv-matrix
         rows: 4
         cols: 4
         dt: f
         data: [ -9.92791295e-01, -1.17871329e-01, -2.17211936e-02,
             -1.94758435e+03, 1.18583463e-01, -9.92324054e-01,
             -3.50839980e-02, 1.93832495e+03, -1.74190644e-02,
             -3.74068618e-02, 9.99148309e-01, 2.70565891e+01, 0., 0., 0.,
             1. ]
   -
      Pose: !!opencv-matrix
         rows: 4
         cols: 4
         dt: f
         data: [ -9.18870986e-01, -3.94227415e-01, -1.61524732e-02,
             -9.97250671e+02, 3.94557297e-01, -9.18184996e-01,
             -3.55080664e-02, 1.20480396e+03, -8.32705700e-04,
             -3.90004069e-02, 9.99238849e-01, 2.61283569e+01, 0., 0., 0.,
             1. ]
   -
      Pose: !!opencv-matrix
         rows: 4
         cols: 4
         dt: f
         data: [ -8.15087318e-01, -5.79044759e-01, -1.84344724e-02,
             -4.57465729e+02, 5.79313934e-01, -8.14349532e-01,
             -3.50743197e-02, 2.66388275e+02, 5.29749738e-03,
             -3.92679796e-02, 9.99214649e-01, 1.06412888e+00, 0., 0., 0.,
             1. ]
   -
      Pose: !!opencv-matrix
         rows: 4
         cols: 4
         dt: f
         data: [ -7.49388516e-01, -6.61939502e-01, -1.59054659e-02,
             -2.98894836e+02, 6.62016690e-01, -7.48597920e-01,
             -3.65383513e-02, -8.29369141e+02, 1.22793801e-02,
             -3.79111059e-02, 9.99205649e-01, -3.55077248e+01, 0., 0.,
             0., 1. ]
   -
      Pose: !!opencv-matrix
         rows: 4
         cols: 4
         dt: f
         data: [ -6.98683083e-01, -7.15217769e-01, -1.74790397e-02,
             -2.64757294e+02, 7.15263784e-01, -6.97782159e-01,
             -3.87015492e-02, -2.11898486e+03, 1.54834734e-02,
             -3.95422392e-02, 9.99097943e-01, -8.60873260e+01, 0., 0.,
             0., 1. ]
   -
      Pose: !!opencv-matrix
         rows: 4
         cols: 4
         dt: f
         data: [ -6.90900266e-01, -7.22856820e-01, -1.16118621e-02,
             -2.50390289e+02, 7.22667634e-01, -6.90092325e-01,
             -3.90390158e-02, -4.68776660e+03, 2.02063620e-02,
             -3.53635848e-02, 9.99170244e-01, -1.87451721e+02, 0., 0.,
             0., 1. ]
   -
      Pose: !!opencv-matrix
         rows: 4
         cols: 4
         dt: f
         data: [ -6.98527634e-01, -7.15402782e-01, -1.60645247e-02,
             -2.05536392e+02, 7.15346158e-01, -6.97542667e-01,
             -4.14021276e-02, -5.90819092e+03, 1.84135046e-02,
             -4.04122248e-02, 9.99013424e-01, -2.47442230e+02, 0., 0.,
             0., 1. ]
   -
      Pose: !!opencv-matrix
         rows: 4
         cols: 4
         dt: f
         data: [ -7.02856362e-01, -7.11228013e-01, -1.21503482e-02,
             -1.65901184e+02, 7.11008072e-01, -7.01918781e-01,
             -4.21603583e-02, -7.15030273e+03, 2.14570705e-02,
             -3.82716730e-02, 9.99036968e-01, -3.04265137e+02, 0., 0.,
             0., 1. ]
   -
      Pose: !!opencv-matrix
         rows: 4
         cols: 4
         dt: f
         data: [ -6.87703550e-01, -7.25839674e-01, -1.48520321e-02,
             -2.92311096e+02, 7.25760639e-01, -6.86824799e-01,
             -3.92838381e-02, -8.79165820e+03, 1.83130242e-02,
             -3.77946533e-02, 9.99117732e-01, -3.50202942e+02, 0., 0.,
             0., 1. ]
   -
      Pose: !!opencv-matrix
         rows: 4
         cols: 4
         dt: f
         data: [ -6.76571667e-01, -7.36227274e-01, -1.48375286e-02,
             -3.87851501e+02, 7.36114323e-01, -6.75655305e-01,
             -4.03189324e-02, -1.03208760e+04, 1.96588431e-02,
             -3.82007658e-02, 9.99076664e-01, -4.22219879e+02, 0., 0.,
             0., 1. ]
   -
      Pose: !!opencv-matrix
         rows: 4
         cols: 4
         dt: f
         data: [ -6.98739648e-01, -7.15247273e-01, -1.35733299e-02,
             -1.12744690e+02, 7.15108395e-01, -6.97833598e-01,
             -4.05986197e-02, -1.16533613e+04, 1.95661243e-02,
             -3.80742662e-02, 9.99083340e-01, -4.75418488e+02, 0., 0.,
             0., 1. ]
   -
      Pose: !!opencv-matrix
         rows: 4
         cols: 4
         dt: f
         data: [ -4.47579026e-01, -8.94113958e-01, -1.52734239e-02,
             -3.33512964e+03, 8.93775523e-01, -4.46726084e-01,
             -4.00142595e-02, -1.21599336e+04, 2.89542712e-02,
             -3.15605551e-02, 9.99082386e-01, -5.37869690e+02, 0., 0.,
             0., 1. ]
   -
      Pose: !!opencv-matrix
         rows: 4
         cols: 4
         dt: f
         data: [ 1.32159516e-01, -9.91115570e-01, -1.49586350e-02,
             -8.85532324e+03, 9.90386307e-01, 1.32654145e-01,
             -3.92159857e-02, -9.30707129e+03, 4.08518985e-02,
             -9.63206124e-03, 9.99118805e-01, -4.98046509e+02, 0., 0.,
             0., 1. ]
   -
      Pose: !!opencv-matrix
         rows: 4
         cols: 4
         dt: f
         data: [ 6.10766828e-01, -7.91678309e-01, -1.44671723e-02,
             -1.16298330e+04, 7.90787280e-01, 6.10804319e-01,
             -3.96689624e-02, -4.48315186e+03, 4.02416699e-02,
             1.27880313e-02, 9.99108136e-01, -3.46634125e+02, 0., 0., 0.,
             1. ]
   -
      Pose: !!opencv-matrix
         rows: 4
         cols: 4
         dt: f
         data: [ 7.03763127e-01, -7.10324347e-01, -1.25195002e-02,
             -1.19215088e+04, 7.09426582e-01, 7.03593850e-01,
             -4.08613831e-02, -3.91106714e+03, 3.78334783e-02,
             1.98750682e-02, 9.99086380e-01, -3.10007294e+02, 0., 0., 0.,
             1. ]
   -
      Pose: !!opencv-matrix
         rows: 4
         cols: 4
         dt: f
         data: [ 7.35708475e-01, -6.77093029e-01, -1.66758150e-02,
             -1.20184492e+04, 6.76161408e-01, 7.35676825e-01,
             -3.98169756e-02, -5.80075732e+03, 3.92278060e-02,
             1.80181433e-02, 9.99067843e-01, -4.31196564e+02, 0., 0., 0.,
             1. ]
   -
      Pose: !!opencv-matrix
         rows: 4
         cols: 4
         dt: f
         data: [ 7.17707038e-01, -6.96176767e-01, -1.53136514e-02,
             -1.18698037e+04, 6.95161223e-01, 7.17595339e-01,
             -4.25178669e-02, -6.96381934e+03, 4.05889563e-02,
             1.98699161e-02, 9.98978317e-01, -4.77637665e+02, 0., 0., 0.,
             1. ]
   -
      Pose: !!opencv-matrix
         rows: 4
         cols: 4
         dt: f
         data: [ 7.20111310e-01, -6.93683267e-01, -1.55953793e-02,
             -1.18852051e+04, 6.92656398e-01, 7.20004559e-01,
             -4.26680706e-02, -7.69361377e+03, 4.08268720e-02,
             1.99235212e-02, 9.98967588e-01, -5.13314758e+02, 0., 0., 0.,
             1. ]
   -
      Pose: !!opencv-matrix
         rows: 4
         cols: 4
         dt: f
         data: [ 7.26662874e-01, -6.86846614e-01, -1.42408814e-02,
             -1.19189414e+04, 6.85970724e-01, 7.26555467e-01,
             -3.95132415e-02, -1.14938496e+04, 3.74863259e-02,
             1.89439785e-02, 9.99117553e-01, -6.24795532e+02, 0., 0., 0.,
             1. ]
   -
      Pose: !!opencv-matrix
         rows: 4
         cols: 4
         dt: f
         data: [ 7.36182451e-01, -6.76583827e-01, -1.64233577e-02,
             -1.20672432e+04, 6.75714552e-01, 7.36166775e-01,
             -3.83194014e-02, -1.27517100e+04, 3.80166173e-02,
             1.71125699e-02, 9.99130547e-01, -6.87255859e+02, 0., 0., 0.,
             1. ]
   -
      Pose: !!opencv-matrix
         rows: 4
         cols: 4
         dt: f
         data: [ 6.93997025e-01, -7.19788313e-01, -1.65200382e-02,
             -1.15341123e+04, 7.18914628e-01, 6.94036186e-01,
             -3.84124406e-02, -1.03372441e+04, 3.91143300e-02,
             1.47816231e-02, 9.99125421e-01, -5.82704102e+02, 0., 0., 0.,
             1. ]
   -
      Pose: !!opencv-matrix
         rows: 4
         cols: 4
         dt: f
         data: [ 6.79755986e-01, -7.33251572e-01, -1.65501777e-02,
             -1.14134473e+04, 7.32377172e-01, 6.79813027e-01,
             -3.84438634e-02, -8.15652051e+03, 3.94400507e-02,
             1.40114743e-02, 9.99123693e-01, -4.93666473e+02, 0., 0., 0.,
             1. ]
   -
      Pose: !!opencv-matrix
         rows: 4
         cols: 4
         dt: f
         data: [ 6.52861893e-01, -7.57319868e-01, -1.54265910e-02,
             -1.11822852e+04, 7.56374776e-01, 6.52874947e-01,
             -4.06384580e-02, -7.45354541e+03, 4.08479460e-02,
             1.48630161e-02, 9.99054849e-01, -4.75528320e+02, 0., 0., 0.,
             1. ]
   -
      Pose: !!opencv-matrix
         rows: 4
         cols: 4
         dt: f
         data: [ 5.67130208e-01, -8.23463738e-01, -1.64575949e-02,
             -1.05832402e+04, 8.22476029e-01, 5.67280293e-01,
             -4.15477008e-02, -7.33921582e+03, 4.35490943e-02,
             1.00269774e-02, 9.99000967e-01, -4.78685547e+02, 0., 0., 0.,
             1. ]
   -
      Pose: !!opencv-matrix
         rows: 4
         cols: 4
         dt: f
         data: [ 3.61684978e-01, -9.32188213e-01, -1.44597236e-02,
             -9.22032324e+03, 9.31284487e-01, 3.61971259e-01,
             -4.10617366e-02, -8.20056152e+03, 4.35112715e-02,
             1.38529763e-03, 9.99051988e-01, -4.70420013e+02, 0., 0., 0.,
             1. ]
   -
      Pose: !!opencv-matrix
         rows: 4
         cols: 4
         dt: f
         data: [ 6.81501180e-02, -9.97559071e-01, -1.52137633e-02,
             -7.05962842e+03, 9.96761024e-01, 6.87323734e-02,
             -4.17532995e-02, -9.59397852e+03, 4.26970609e-02,
             -1.23189939e-02, 9.99012113e-01, -5.07986938e+02, 0., 0.,
             0., 1. ]
   -
      Pose: !!opencv-matrix
         rows: 4
         cols: 4
         dt: f
         data: [ -2.52336293e-01, -9.67504501e-01, -1.61682256e-02,
             -4.35829541e+03, 9.67070222e-01, -2.51579523e-01,
             -3.85081619e-02, -1.02835938e+04, 3.31892259e-02,
             -2.53528170e-02, 9.99127448e-01, -4.66754333e+02, 0., 0.,
             0., 1. ]
   -
      Pose: !!opencv-matrix
         rows: 4
         cols: 4
         dt: f
         data: [ -4.78464067e-01, -8.78011286e-01, -1.29738376e-02,
             -2.25113379e+03, 8.77636015e-01, -4.77671266e-01,
             -3.98140177e-02, -9.91161328e+03, 2.87599266e-02,
             -3.04358844e-02, 9.99122858e-01, -4.24933594e+02, 0., 0.,
             0., 1. ]
   -
      Pose: !!opencv-matrix
         rows: 4
         cols: 4
         dt: f
         data: [ -5.24201214e-01, -8.51467729e-01, -1.46875223e-02,
             -1.83450256e+03, 8.51203322e-01, -5.23359895e-01,
             -3.93362381e-02, -9.61760645e+03, 2.58066766e-02,
             -3.31221707e-02, 9.99118090e-01, -4.05849182e+02, 0., 0.,
             0., 1. ]
   -
      Pose: !!opencv-matrix
         rows: 4
         cols: 4
         dt: f
         data: [ -5.66602707e-01, -8.23867917e-01, -1.42493797e-02,
             -1.42550354e+03, 8.23669195e-01, -5.65813363e-01,
             -3.77391875e-02, -1.01527256e+04, 2.30296161e-02,
             -3.31199020e-02, 9.99186039e-01, -4.04535583e+02, 0., 0.,
             0., 1. ]
   -
      Pose: !!opencv-matrix
         rows: 4
         cols: 4
         dt: f
         data: [ -8.71175170e-01, -4.90745455e-01, -1.49241332e-02,
             2.70184497e+03, 4.90926534e-01, -8.70276213e-01,
             -4.01298441e-02, -1.09127412e+04, 6.70542009e-03,
             -4.22867760e-02, 9.99083042e-01, -3.97934479e+02, 0., 0.,
             0., 1. ]
   -
      Pose: !!opencv-matrix
         rows: 4
         cols: 4
         dt: f
         data: [ -9.96983349e-01, -7.59915859e-02, -1.57965422e-02,
             6.52859619e+03, 7.65542164e-02, -9.96312678e-01,
             -3.87357175e-02, -9.72222852e+03, -1.27947070e-02,
             -3.98281552e-02, 9.99124646e-01, -2.73687531e+02, 0., 0.,
             0., 1. ]
   -
      Pose: !!opencv-matrix
         rows: 4
         cols: 4
         dt: f
         data: [ -9.48599398e-01, 3.16103160e-01, -1.54259978e-02,
             9.29808398e+03, -3.15351665e-01, -9.48206902e-01,
             -3.81703861e-02, -7.63479785e+03, -2.66928170e-02,
             -3.13437916e-02, 9.99152184e-01, -1.48344147e+02, 0., 0.,
             0., 1. ]
   -
      Pose: !!opencv-matrix
         rows: 4
         cols: 4
         dt: f
         data: [ -8.52244735e-01, 5.22916079e-01, -1.54164517e-02,
             1.05264658e+04, -5.22006273e-01, -8.51965010e-01,
             -4.08056751e-02, -6.53257227e+03, -3.44722196e-02,
             -2.67289374e-02, 9.99048173e-01, -1.04022095e+02, 0., 0.,
             0., 1. ]
   -
      Pose: !!opencv-matrix
         rows: 4
         cols: 4
         dt: f
         data: [ -7.86845863e-01, 6.16921186e-01, -1.67860538e-02,
             1.10985869e+04, -6.15936577e-01, -7.86713302e-01,
             -4.12833281e-02, -6.82335156e+03, -3.86743732e-02,
             -2.21444741e-02, 9.99006450e-01, -9.45319748e+01, 0., 0.,
             0., 1. ]
   -
      Pose: !!opencv-matrix
         rows: 4
         cols: 4
         dt: f
         data: [ -7.78964162e-01, 6.26931429e-01, -1.31089827e-02,
             1.11829541e+04, -6.26020014e-01, -7.78700113e-01,
             -4.15336415e-02, -8.08877832e+03, -3.62467095e-02,
             -2.41467301e-02, 9.99051094e-01, -1.89837250e+02, 0., 0.,
             0., 1. ]
   -
      Pose: !!opencv-matrix
         rows: 4
         cols: 4
         dt: f
         data: [ -7.74014711e-01, 6.33015096e-01, -1.38959531e-02,
             1.12530615e+04, -6.32192731e-01, -7.73854196e-01,
             -3.84973176e-02, -9.03817871e+03, -3.51228267e-02,
             -2.10125707e-02, 9.99162078e-01, -1.92434692e+02, 0., 0.,
             0., 1. ]
   -
      Pose: !!opencv-matrix
         rows: 4
         cols: 4
         dt: f
         data: [ -7.06603467e-01, 7.07386732e-01, -1.77632552e-02,
             1.19762998e+04, -7.06382096e-01, -7.06633389e-01,
             -4.11532596e-02, -9.00823828e+03, -4.16633785e-02,
             -1.65313911e-02, 9.98994946e-01, -1.56874557e+02, 0., 0.,
             0., 1. ]
   -
      Pose: !!opencv-matrix
         rows: 4
         cols: 4
         dt: f
         data: [ -7.27210164e-01, 6.86239779e-01, -1.55022955e-02,
             1.17769736e+04, -6.85399771e-01, -7.27177322e-01,
             -3.79517376e-02, -1.07080537e+04, -3.73169109e-02,
             -1.69736203e-02, 9.99159336e-01, -2.24279190e+02, 0., 0.,
             0., 1. ]
   -
      Pose: !!opencv-matrix
         rows: 4
         cols: 4
         dt: f
         data: [ -7.58645713e-01, 6.51403606e-01, -1.14017623e-02,
             1.13197793e+04, -6.50628388e-01, -7.58417487e-01,
             -3.85432802e-02, -1.24809746e+04, -3.37545276e-02,
             -2.18223836e-02, 9.99191880e-01, -3.53855225e+02, 0., 0.,
             0., 1. ]
   -
      Pose: !!opencv-matrix
         rows: 4
         cols: 4
         dt: f
         data: [ -7.33127832e-01, 6.79959476e-01, -1.33683477e-02,
             1.16909346e+04, -6.79015756e-01, -7.32932270e-01,
             -4.18076627e-02, -1.11379424e+04, -3.82256098e-02,
             -2.15730425e-02, 9.99036252e-01, -3.09804993e+02, 0., 0.,
             0., 1. ]
   -
      Pose: !!opencv-matrix
         rows: 4
         cols: 4
         dt: f
         data: [ -7.21905112e-01, 6.91851020e-01, -1.39716510e-02,
             1.18450938e+04, -6.90844595e-01, -7.21723378e-01,
             -4.30013016e-02, -1.04957793e+04, -3.98341604e-02,
             -2.13906188e-02, 9.98977304e-01, -2.85789063e+02, 0., 0.,
             0., 1. ]
   -
      Pose: !!opencv-matrix
         rows: 4
         cols: 4
         dt: f
         data: [ -7.23986447e-01, 6.89725697e-01, -1.10488860e-02,
             1.18390068e+04, -6.88911021e-01, -7.23765194e-01,
             -3.95675451e-02, -8.64626465e+03, -3.52875516e-02,
             -2.10346673e-02, 9.99155819e-01, -2.12956375e+02, 0., 0.,
             0., 1. ]
   -
      Pose: !!opencv-matrix
         rows: 4
         cols: 4
         dt: f
         data: [ -7.34298050e-01, 6.78615808e-01, -1.69390086e-02,
             1.17106553e+04, -6.77619517e-01, -7.34251261e-01,
             -4.13139574e-02, -7.74511670e+03, -4.04737927e-02,
             -1.88585557e-02, 9.99002635e-01, -1.20718750e+02, 0., 0.,
             0., 1. ]
   -
      Pose: !!opencv-matrix
         rows: 4
         cols: 4
         dt: f
         data: [ -7.38840520e-01, 6.73726082e-01, -1.44158099e-02,
             1.16592568e+04, -6.72672272e-01, -7.38627613e-01,
             -4.40600440e-02, -6.74325879e+03, -4.03323174e-02,
             -2.28562318e-02, 9.98924851e-01, -1.28420990e+02, 0., 0.,
             0., 1. ]
   -
      Pose: !!opencv-matrix
         rows: 4
         cols: 4
         dt: f
         data: [ -7.36125171e-01, 6.76717639e-01, -1.31520247e-02,
             1.16284463e+04, -6.75686359e-01, -7.35862553e-01,
             -4.42068055e-02, -4.17011816e+03, -3.95936072e-02,
             -2.36550979e-02, 9.98935819e-01, -3.11279621e+01, 0., 0.,
             0., 1. ]
   -
      Pose: !!opencv-matrix
         rows: 4
         cols: 4
         dt: f
         data: [ -7.85647750e-01, 6.18549883e-01, -1.23956930e-02,
             1.14585313e+04, -6.17556632e-01, -7.85274923e-01,
             -4.43517044e-02, -3.94833887e+03, -3.71677689e-02,
             -2.71897726e-02, 9.98939097e-01, -3.30607109e+01, 0., 0.,
             0., 1. ]
   -
      Pose: !!opencv-matrix
         rows: 4
         cols: 4
         dt: f
         data: [ -8.87515306e-01, 4.60670680e-01, -9.95367859e-03,
             1.08756348e+04, -4.59904701e-01, -8.86955678e-01,
             -4.23946418e-02, -5.47434375e+03, -2.83584408e-02,
             -3.30481492e-02, 9.99051332e-01, -1.25230591e+02, 0., 0.,
             0., 1. ]
   -
      Pose: !!opencv-matrix
         rows: 4
         cols: 4
         dt: f
         data: [ -9.75272179e-01, 2.20575213e-01, -1.38128735e-02,
             9.63661328e+03, -2.19854295e-01, -9.74663258e-01,
             -4.11780737e-02, -7.44053369e+03, -2.25457624e-02,
             -3.71230096e-02, 9.99056339e-01, -1.73564636e+02, 0., 0.,
             0., 1. ]
   -
      Pose: !!opencv-matrix
         rows: 4
         cols: 4
         dt: f
         data: [ -9.94736254e-01, -1.01751857e-01, -1.20988134e-02,
             7.42827148e+03, 1.02169313e-01, -9.93910849e-01,
             -4.12634611e-02, -9.34659570e+03, -7.82650802e-03,
             -4.22823876e-02, 9.99075055e-01, -2.96794983e+02, 0., 0.,
             0., 1. ]
   -
      Pose: !!opencv-matrix
         rows: 4
         cols: 4
         dt: f
         data: [ -9.70178306e-01, -2.41678521e-01, -1.85896605e-02,
             6.28715674e+03, 2.42230162e-01, -9.69479084e-01,
             -3.78797017e-02, -1.00816475e+04, -8.86757672e-03,
             -4.12530415e-02, 9.99109387e-01, -2.64433014e+02, 0., 0.,
             0., 1. ]
   -
      Pose: !!opencv-matrix
         rows: 4
         cols: 4
         dt: f
         data: [ -7.85935581e-01, -6.18084967e-01, -1.66201312e-02,
             2.05870361e+03, 6.18215919e-01, -7.85069168e-01,
             -3.84114757e-02, -1.31398652e+04, 1.06936032e-02,
             -4.04637754e-02, 9.99123752e-01, -4.70670502e+02, 0., 0.,
             0., 1. ]
   -
      Pose: !!opencv-matrix
         rows: 4
         cols: 4
         dt: f
         data: [ -8.27666879e-01, -5.61036527e-01, -1.43392300e-02,
             2.92065356e+03, 5.61113775e-01, -8.26744080e-01,
             -4.05654795e-02, -1.42394834e+04, 1.09038418e-02,
             -4.16206419e-02, 9.99073982e-01, -5.36325623e+02, 0., 0.,
             0., 1. ]
   -
      Pose: !!opencv-matrix
         rows: 4
         cols: 4
         dt: f
         data: [ -7.52962053e-01, -6.57940567e-01, -1.27404844e-02,
             1.31270984e+03, 6.57845974e-01, -7.52073407e-01,
             -4.03024890e-02, -1.61753389e+04, 1.69348642e-02,
             -3.87275219e-02, 9.99106288e-01, -6.36451904e+02, 0., 0.,
             0., 1. ]
   -
      Pose: !!opencv-matrix
         rows: 4
         cols: 4
         dt: f
         data: [ -7.04700053e-01, -7.09337473e-01, -1.54355774e-02,
             2.05938385e+02, 7.09293008e-01, -7.03790188e-01,
             -3.97840962e-02, -1.78050645e+04, 1.73569415e-02,
             -3.89842018e-02, 9.99089062e-01, -7.05683777e+02, 0., 0.,
             0., 1. ]
   -
      Pose: !!opencv-matrix
         rows: 4
         cols: 4
         dt: f
         data: [ -7.04230607e-01, -7.09823191e-01, -1.45002482e-02,
             2.53128357e+02, 7.09734738e-01, -7.03321993e-01,
             -4.01841030e-02, -2.05286602e+04, 1.83252655e-02,
             -3.85902077e-02, 9.99087095e-01, -8.22109985e+02, 0., 0.,
             0., 1. ]
   -
      Pose: !!opencv-matrix
         rows: 4
         cols: 4
         dt: f
         data: [ -6.94708765e-01, -7.19084322e-01, -1.72475297e-02,
             -1.84895248e+01, 7.19096661e-01, -6.93763673e-01,
             -3.98995988e-02, -2.15628867e+04, 1.67254657e-02,
             -4.01212424e-02, 9.99054849e-01, -8.60672791e+02, 0., 0.,
             0., 1. ]
   -
      Pose: !!opencv-matrix
         rows: 4
         cols: 4
         dt: f
         data: [ -6.89478815e-01, -7.24144220e-01, -1.53013049e-02,
             -1.57071640e+02, 7.24025965e-01, -6.88471258e-01,
             -4.23530154e-02, -2.31538652e+04, 2.01351829e-02,
             -4.02800478e-02, 9.98985529e-01, -9.83365417e+02, 0., 0.,
             0., 1. ]
   -
      Pose: !!opencv-matrix
         rows: 4
         cols: 4
         dt: f
         data: [ -6.88236117e-01, -7.25330353e-01, -1.50633696e-02,
             -1.85759079e+02, 7.25218356e-01, -6.87268496e-01,
             -4.14771065e-02, -2.38627363e+04, 1.97320245e-02,
             -3.94702740e-02, 9.99025881e-01, -9.93133667e+02, 0., 0.,
             0., 1. ]
   -
      Pose: !!opencv-matrix
         rows: 4
         cols: 4
         dt: f
         data: [ -6.86316669e-01, -7.27127314e-01, -1.59778614e-02,
             -2.52393295e+02, 7.27075636e-01, -6.85387552e-01,
             -4.00618874e-02, -2.49340645e+04, 1.81790646e-02,
             -3.91122550e-02, 9.99069452e-01, -1.00347711e+03, 0., 0.,
             0., 1. ]
   -
      Pose: !!opencv-matrix
         rows: 4
         cols: 4
         dt: f
         data: [ -6.83536530e-01, -7.29759514e-01, -1.51273077e-02,
             -3.23000397e+02, 7.29653776e-01, -6.82588100e-01,
             -4.09734361e-02, -2.64818984e+04, 1.95750352e-02,
             -3.90445367e-02, 9.99045730e-01, -1.09068396e+03, 0., 0.,
             0., 1. ]
   -
      Pose: !!opencv-matrix
         rows: 4
         cols: 4
         dt: f
         data: [ -6.57166481e-01, -7.53584087e-01, -1.55964410e-02,
             -1.21150903e+03, 7.53484070e-01, -6.56252980e-01,
             -3.99223678e-02, -2.79676504e+04, 1.98496506e-02,
             -3.79873104e-02, 9.99081075e-01, -1.13624683e+03, 0., 0.,
             0., 1. ]
   -
      Pose: !!opencv-matrix
         rows: 4
         cols: 4
         dt: f
         data: [ -6.98642969e-01, -7.15297818e-01, -1.57173853e-02,
             3.29553223e+02, 7.15248823e-01, -6.97711289e-01,
             -4.02255021e-02, -2.93430801e+04, 1.78070161e-02,
             -3.93451080e-02, 9.99067008e-01, -1.17591846e+03, 0., 0.,
             0., 1. ]
   -
      Pose: !!opencv-matrix
         rows: 4
         cols: 4
         dt: f
         data: [ -6.94682419e-01, -7.19182432e-01, -1.38914054e-02,
             1.64384888e+02, 7.19057977e-01, -6.93785369e-01,
             -4.02176343e-02, -3.12865977e+04, 1.92861613e-02,
             -3.79272066e-02, 9.99094367e-01, -1.25744067e+03, 0., 0.,
             0., 1. ]
   -
      Pose: !!opencv-matrix
         rows: 4
         cols: 4
         dt: f
         data: [ -6.67467058e-01, -7.44443178e-01, -1.70910843e-02,
             -9.50665222e+02, 7.44408250e-01, -6.66512311e-01,
             -4.02209014e-02, -3.30121836e+04, 1.85507592e-02,
             -3.95688713e-02, 9.99044657e-01, -1.34448499e+03, 0., 0.,
             0., 1. ]
   -
      Pose: !!opencv-matrix
         rows: 4
         cols: 4
         dt: f
         data: [ -6.63565993e-01, -7.47964025e-01, -1.51671376e-02,
             -1.10206482e+03, 7.47850597e-01, -6.62650824e-01,
             -4.01668139e-02, -3.40439375e+04, 1.99928135e-02,
             -3.79960835e-02, 9.99077857e-01, -1.38529956e+03, 0., 0.,
             0., 1. ]
   -
      Pose: !!opencv-matrix
         rows: 4
         cols: 4
         dt: f
         data: [ -6.81593060e-01, -7.31607735e-01, -1.34546729e-02,
             -3.26066467e+02, 7.31448948e-01, -6.80703938e-01,
             -4.03057672e-02, -3.56952813e+04, 2.03293618e-02,
             -3.73135395e-02, 9.99096811e-01, -1.44486829e+03, 0., 0.,
             0., 1. ]
   -
      Pose: !!opencv-matrix
         rows: 4
         cols: 4
         dt: f
         data: [ -6.77564025e-01, -7.35291958e-01, -1.58975367e-02,
             -5.00410797e+02, 7.35217333e-01, -6.76619232e-01,
             -4.05201465e-02, -3.69563203e+04, 1.90375578e-02,
             -3.91431376e-02, 9.99052227e-01, -1.50638867e+03, 0., 0.,
             0., 1. ]
   -
      Pose: !!opencv-matrix
         rows: 4
         cols: 4
         dt: f
         data: [ -6.78101778e-01, -7.34767914e-01, -1.71500742e-02,
             -4.60447784e+02, 7.34733284e-01, -6.77110851e-01,
             -4.10839766e-02, -3.82179492e+04, 1.85746849e-02,
             -4.04598452e-02, 9.99008477e-01, -1.57856116e+03, 0., 0.,
             0., 1. ]
   -
      Pose: !!opencv-matrix
         rows: 4
         cols: 4
         dt: f
         data: [ -6.85268402e-01, -7.28132784e-01, -1.51611641e-02,
             -1.09087372e+02, 7.28043199e-01, -6.84344590e-01,
             -4.03183401e-02, -3.97753633e+04, 1.89816449e-02,
             -3.86668667e-02, 9.99071836e-01, -1.60665979e+03, 0., 0.,
             0., 1. ]
   -
      Pose: !!opencv-matrix
         rows: 4
         cols: 4
         dt: f
         data: [ -6.87922776e-01, -7.25602090e-01, -1.62449032e-02,
             2.41765289e+01, 7.25560963e-01, -6.86984420e-01,
             -4.01710197e-02, -4.12629258e+04, 1.79881807e-02,
             -3.94212268e-02, 9.99060750e-01, -1.65822400e+03, 0., 0.,
             0., 1. ]
   -
      Pose: !!opencv-matrix
         rows: 4
         cols: 4
         dt: f
         data: [ -7.39403784e-01, -6.73112333e-01, -1.42067950e-02,
             3.03503052e+03, 6.73051655e-01, -7.38480151e-01,
             -4.06027772e-02, -4.22051016e+04, 1.68387964e-02,
             -3.95837538e-02, 9.99074340e-01, -1.67219397e+03, 0., 0.,
             0., 1. ]
   -
      Pose: !!opencv-matrix
         rows: 4
         cols: 4
         dt: f
         data: [ -9.30862248e-01, -3.65040809e-01, -1.55137377e-02,
             1.75483242e+04, 3.65369767e-01, -9.30094063e-01,
             -3.78144085e-02, -3.96776680e+04, -6.25433226e-04,
             -4.08682562e-02, 9.99164343e-01, -1.22946191e+03, 0., 0.,
             0., 1. ]
   -
      Pose: !!opencv-matrix
         rows: 4
         cols: 4
         dt: f
         data: [ -9.99885917e-01, -4.39054426e-03, -1.44533385e-02,
             3.02783008e+04, 4.92894137e-03, -9.99287188e-01,
             -3.74283418e-02, -3.19132207e+04, -1.42787043e-02,
             -3.74953113e-02, 9.99194801e-01, -7.58191406e+02, 0., 0.,
             0., 1. ]
   -
      Pose: !!opencv-matrix
         rows: 4
         cols: 4
         dt: f
         data: [ -9.70773935e-01, 2.39427298e-01, -1.65088866e-02,
             3.68056758e+04, -2.38645270e-01, -9.70311880e-01,
             -3.92847806e-02, -2.43963008e+04, -2.54246164e-02,
             -3.41968723e-02, 9.99091685e-01, -3.50697754e+02, 0., 0.,
             0., 1. ]
   -
      Pose: !!opencv-matrix
         rows: 4
         cols: 4
         dt: f
         data: [ -8.06499183e-01, 5.91027677e-01, -1.56646837e-02,
             4.28866680e+04, -5.90195537e-01, -8.06368887e-01,
             -3.79276983e-02, -9.87480664e+03, -3.50478329e-02,
             -2.13434305e-02, 9.99157727e-01, 2.97335449e+02, 0., 0., 0.,
             1. ]
   -
      Pose: !!opencv-matrix
         rows: 4
         cols: 4
         dt: f
         data: [ -7.37652361e-01, 6.74991965e-01, -1.59627721e-02,
             4.35773008e+04, -6.74193263e-01, -7.37645864e-01,
             -3.66334505e-02, -5.54220557e+03, -3.65021564e-02,
             -1.62607599e-02, 9.99201298e-01, 4.92569580e+02, 0., 0., 0.,
             1. ]
   -
      Pose: !!opencv-matrix
         rows: 4
         cols: 4
         dt: f
         data: [ -7.14246273e-01, 6.99785292e-01, -1.23618618e-02,
             4.36383828e+04, -6.98852956e-01, -7.14035332e-01,
             -4.19293530e-02, -3.44835156e+03, -3.81683521e-02,
             -2.13087592e-02, 9.99044120e-01, 3.94765472e+02, 0., 0., 0.,
             1. ]
   -
      Pose: !!opencv-matrix
         rows: 4
         cols: 4
         dt: f
         data: [ -5.48542500e-01, 8.36035490e-01, -1.20757977e-02,
             4.28035469e+04, -8.35145295e-01, -5.48542261e-01,
             -4.04196717e-02, 7.16412695e+03, -4.04163636e-02,
             -1.20868636e-02, 9.99109805e-01, 8.06260254e+02, 0., 0., 0.,
             1. ]
   -
      Pose: !!opencv-matrix
         rows: 4
         cols: 4
         dt: f
         data: [ -2.09275186e-01, 9.77746308e-01, -1.46988044e-02,
             3.64771250e+04, -9.76930916e-01, -2.09707379e-01,
             -4.03586403e-02, 2.29776230e+04, -4.25429568e-02,
             5.91365481e-03, 9.99077141e-01, 1.46487317e+03, 0., 0., 0.,
             1. ]
   -
      Pose: !!opencv-matrix
         rows: 4
         cols: 4
         dt: f
         data: [ 3.59588951e-01, 9.32984650e-01, -1.53444977e-02,
             1.66192090e+04, -9.32549953e-01, 3.58754188e-01,
             -4.05707136e-02, 4.02026406e+04, -3.23469490e-02,
             2.88982913e-02, 9.99058843e-01, 1.88812537e+03, 0., 0., 0.,
             1. ]
   -
      Pose: !!opencv-matrix
         rows: 4
         cols: 4
         dt: f
         data: [ 5.71571648e-01, 8.20428729e-01, -1.42329596e-02,
             6.06369775e+03, -8.20162952e-01, 5.70680320e-01,
             -4.07026820e-02, 4.35901992e+04, -2.52711792e-02,
             3.49378437e-02, 9.99069929e-01, 1.86219226e+03, 0., 0., 0.,
             1. ]
   -
      Pose: !!opencv-matrix
         rows: 4
         cols: 4
         dt: f
         data: [ 6.20926738e-01, 7.83739507e-01, -1.42264841e-02,
             3.30184375e+03, -7.83525229e-01, 6.20015323e-01,
             -4.08559181e-02, 4.29169414e+04, -2.31997576e-02,
             3.65153402e-02, 9.99063790e-01, 1.80202124e+03, 0., 0., 0.,
             1. ]
   -
      Pose: !!opencv-matrix
         rows: 4
         cols: 4
         dt: f
         data: [ 6.79017484e-01, 7.33928025e-01, -1.68786068e-02,
             -5.65068893e+01, -7.33886123e-01, 6.78036988e-01,
             -4.09510881e-02, 4.13151133e+04, -1.86108314e-02,
             4.01934795e-02, 9.99018550e-01, 1.69352454e+03, 0., 0., 0.,
             1. ]
   -
      Pose: !!opencv-matrix
         rows: 4
         cols: 4
         dt: f
         data: [ 7.04895377e-01, 7.09140539e-01, -1.55633120e-02,
             -1.57134094e+03, -7.09081769e-01, 7.03939497e-01,
             -4.08924632e-02, 3.97638203e+04, -1.80428736e-02,
             3.98605689e-02, 9.99042332e-01, 1.60355566e+03, 0., 0., 0.,
             1. ]
   -
      Pose: !!opencv-matrix
         rows: 4
         cols: 4
         dt: f
         data: [ 7.11340725e-01, 7.02736855e-01, -1.24614704e-02,
             -1.93206738e+03, -7.02564061e-01, 7.10438907e-01,
             -4.09920514e-02, 3.84371406e+04, -1.99535135e-02,
             3.79142985e-02, 9.99081731e-01, 1.55231628e+03, 0., 0., 0.,
             1. ]
   -
      Pose: !!opencv-matrix
         rows: 4
         cols: 4
         dt: f
         data: [ 7.00935304e-01, 7.13075697e-01, -1.45864077e-02,
             -1.32528015e+03, -7.12961257e-01, 6.99973643e-01,
             -4.15103994e-02, 3.69176758e+04, -1.93899553e-02,
             3.94956470e-02, 9.99031603e-01, 1.51482813e+03, 0., 0., 0.,
             1. ]
   -
      Pose: !!opencv-matrix
         rows: 4
         cols: 4
         dt: f
         data: [ 6.79521561e-01, 7.33532310e-01, -1.34472484e-02,
             -1.86602158e+02, -7.33364403e-01, 6.78621471e-01,
             -4.06149700e-02, 3.53231445e+04, -2.06668004e-02,
             3.74604799e-02, 9.99084353e-01, 1.43306982e+03, 0., 0., 0.,
             1. ]
   -
      Pose: !!opencv-matrix
         rows: 4
         cols: 4
         dt: f
         data: [ 6.80536628e-01, 7.32570648e-01, -1.44979395e-02,
             -2.30386597e+02, -7.32442975e-01, 6.79613411e-01,
             -4.06562239e-02, 3.35994414e+04, -1.99305601e-02,
             3.82869616e-02, 9.99068022e-01, 1.36395911e+03, 0., 0., 0.,
             1. ]
   -
      Pose: !!opencv-matrix
         rows: 4
         cols: 4
         dt: f
         data: [ 6.86775684e-01, 7.26724684e-01, -1.45059675e-02,
             -5.17399841e+02, -7.26605833e-01, 6.85852468e-01,
             -4.06243093e-02, 3.22012793e+04, -1.95737332e-02,
             3.84399071e-02, 9.99069214e-01, 1.30185852e+03, 0., 0., 0.,
             1. ]
   -
      Pose: !!opencv-matrix
         rows: 4
         cols: 4
         dt: f
         data: [ 6.91195071e-01, 7.22518206e-01, -1.47242788e-02,
             -7.06042847e+02, -7.22413599e-01, 6.90267324e-01,
