%YAML:1.0
KeyFrames:
   -
      Pose: !!opencv-matrix
         rows: 4
         cols: 4
         dt: f
         data: [ 6.95605636e-01, 7.18268692e-01, -1.49298441e-02,
             -3.56627380e+02, -7.18189836e-01, 6.94698572e-01,
             -3.99660543e-02, -2.23876892e+02, -1.83346234e-02,
             3.85230742e-02, 9.99089479e-01, -1.42848721e+01, 0., 0., 0.,
             1. ]
   -
      Pose: !!opencv-matrix
         rows: 4
         cols: 4
         dt: f
         data: [ 6.71352983e-01, 7.41013944e-01, -1.35461297e-02,
             -3.05069824e+02, -7.40851641e-01, 6.70473874e-01,
             -4.00462262e-02, -1.19198108e+03, -2.05924865e-02,
             3.69208269e-02, 9.99105990e-01, -5.23891907e+01, 0., 0., 0.,
             1. ]
   -
      Pose: !!opencv-matrix
         rows: 4
         cols: 4
         dt: f
         data: [ 6.88167632e-01, 7.25443721e-01, -1.25201372e-02,
             -3.03118805e+02, -7.25261331e-01, 6.87301576e-01,
             -4.01560329e-02, -1.94631860e+03, -2.05258317e-02,
             3.67144533e-02, 9.99114990e-01, -8.28380890e+01, 0., 0., 0.,
             1. ]
   -
      Pose: !!opencv-matrix
         rows: 4
         cols: 4
         dt: f
         data: [ 7.18662262e-01, 6.95260048e-01, -1.17494240e-02,
             -2.73324402e+02, -6.95155561e-01, 7.17940092e-01,
             -3.63428965e-02, -2.79898242e+03, -1.68323815e-02,
             3.42859440e-02, 9.99270320e-01, -1.06957359e+02, 0., 0., 0.,
             1. ]
   -
      Pose: !!opencv-matrix
         rows: 4
         cols: 4
         dt: f
         data: [ 7.07885742e-01, 7.06274390e-01, -8.61929264e-03,
             -2.90714905e+02, -7.06006944e-01, 7.07144976e-01,
             -3.87311727e-02, -3.86551538e+03, -2.12597474e-02,
             3.35025266e-02, 9.99212503e-01, -1.54862610e+02, 0., 0., 0.,
             1. ]
   -
      Pose: !!opencv-matrix
         rows: 4
         cols: 4
         dt: f
         data: [ 4.44981158e-01, 8.95445645e-01, -1.29936561e-02,
             -1.20891479e+03, -8.95034492e-01, 4.44195807e-01,
             -4.00416926e-02, -4.99550391e+03, -3.00834309e-02,
             2.94475686e-02, 9.99113500e-01, -2.16601303e+02, 0., 0., 0.,
             1. ]
   -
      Pose: !!opencv-matrix
         rows: 4
         cols: 4
         dt: f
         data: [ -9.49399024e-02, 9.95377958e-01, -1.44602181e-02,
             -3.09363550e+03, -9.94506657e-01, -9.54799727e-02,
             -4.28965576e-02, -5.11523389e+03, -4.40789498e-02,
             1.03081884e-02, 9.98974860e-01, -2.63939148e+02, 0., 0., 0.,
             1. ]
   -
      Pose: !!opencv-matrix
         rows: 4
         cols: 4
         dt: f
         data: [ -5.32207310e-01, 8.46493900e-01, -1.42623568e-02,
             -4.51224365e+03, -8.45484912e-01, -5.32291889e-01,
             -4.26693745e-02, -4.37773291e+03, -4.37111035e-02,
             -1.06503479e-02, 9.98987436e-01, -2.51036713e+02, 0., 0.,
             0., 1. ]
   -
      Pose: !!opencv-matrix
         rows: 4
         cols: 4
         dt: f
         data: [ -7.16994166e-01, 6.96925819e-01, -1.46227488e-02,
             -5.09627881e+03, -6.96025014e-01, -7.16905534e-01,
             -3.99449542e-02, -4.11768311e+03, -3.83218005e-02,
             -1.84624996e-02, 9.99094903e-01, -2.39332108e+02, 0., 0.,
             0., 1. ]
   -
      Pose: !!opencv-matrix
         rows: 4
         cols: 4
         dt: f
         data: [ -7.10305989e-01, 7.03761101e-01, -1.36270551e-02,
             -5.07580029e+03, -7.02815354e-01, -7.10156441e-01,
             -4.15744223e-02, -3.92240576e+03, -3.89358029e-02,
             -1.99532565e-02, 9.99042451e-01, -2.32562332e+02, 0., 0.,
             0., 1. ]
   -
      Pose: !!opencv-matrix
         rows: 4
         cols: 4
         dt: f
         data: [ -6.96212530e-01, 7.17788160e-01, -8.26125592e-03,
             -5.05923438e+03, -7.17011094e-01, -6.95918202e-01,
             -3.99120077e-02, -2.84764282e+03, -3.43975239e-02,
             -2.18638275e-02, 9.99169052e-01, -1.57973740e+02, 0., 0.,
             0., 1. ]
   -
      Pose: !!opencv-matrix
         rows: 4
         cols: 4
         dt: f
         data: [ -6.57660007e-01, 7.53136277e-01, -1.64029486e-02,
             -5.04106445e+03, -7.52308249e-01, -6.57750785e-01,
             -3.73662747e-02, -1.95156787e+03, -3.89309488e-02,
             -1.22342305e-02, 9.99167025e-01, -1.55797699e+02, 0., 0.,
             0., 1. ]
   -
      Pose: !!opencv-matrix
         rows: 4
         cols: 4
         dt: f
         data: [ -8.20800424e-01, 5.71122408e-01, -1.02872187e-02,
             -4.77915039e+03, -5.70238650e-01, -8.20317030e-01,
             -4.36795764e-02, 4.61865295e+02, -3.33851688e-02,
             -2.99860463e-02, 9.98992622e-01, -2.98461075e+01, 0., 0.,
             0., 1. ]
   -
      Pose: !!opencv-matrix
         rows: 4
         cols: 4
         dt: f
         data: [ -9.52549458e-01, 3.04021865e-01, -1.48406429e-02,
             -3.77667554e+03, -3.03278357e-01, -9.52112794e-01,
             -3.87749746e-02, 2.68530786e+03, -2.59184055e-02,
             -3.24342325e-02, 9.99137759e-01, 4.78169060e+01, 0., 0., 0.,
             1. ]
   -
      Pose: !!opencv-matrix
         rows: 4
         cols: 4
         dt: f
         data: [ -9.98829782e-01, -4.67796549e-02, -1.22752395e-02,
             -2.14121680e+03, 4.72055115e-02, -9.98197377e-01,
             -3.70619223e-02, 2.80121362e+03, -1.05193676e-02,
             -3.75980139e-02, 9.99237597e-01, 7.59937057e+01, 0., 0., 0.,
             1. ]
   -
      Pose: !!opencv-matrix
         rows: 4
         cols: 4
         dt: f
         data: [ -9.95144486e-01, -9.74124968e-02, -1.40795456e-02,
             -1.97179370e+03, 9.78718624e-02, -9.94518399e-01,
             -3.67995650e-02, 1.90696680e+03, -1.04176300e-02,
             -3.79988775e-02, 9.99223471e-01, 4.14315720e+01, 0., 0., 0.,
             1. ]
   -
      Pose: !!opencv-matrix
         rows: 4
         cols: 4
         dt: f
         data: [ -9.32915688e-01, -3.59636039e-01, -1.81736443e-02,
             -1.06331824e+03, 3.60082746e-01, -9.32110429e-01,
             -3.88655514e-02, 1.26129980e+03, -2.96239089e-03,
             -4.28022966e-02, 9.99079168e-01, 3.06403065e+01, 0., 0., 0.,
             1. ]
   -
      Pose: !!opencv-matrix
         rows: 4
         cols: 4
         dt: f
         data: [ -8.22372675e-01, -5.68611383e-01, -1.96031798e-02,
             -4.72801880e+02, 5.68924665e-01, -8.21529090e-01,
             -3.76129672e-02, 2.11763611e+02, 5.28257852e-03,
             -4.20846082e-02, 9.99100089e-01, -1.37358129e-01, 0., 0.,
             0., 1. ]
   -
      Pose: !!opencv-matrix
         rows: 4
         cols: 4
         dt: f
         data: [ -7.38449275e-01, -6.74025595e-01, -1.95492059e-02,
             -2.97892761e+02, 6.74215019e-01, -7.37551928e-01,
             -3.80954221e-02, -1.22932178e+03, 1.12587353e-02,
             -4.13119048e-02, 9.99082863e-01, -5.14490700e+01, 0., 0.,
             0., 1. ]
   -
      Pose: !!opencv-matrix
         rows: 4
         cols: 4
         dt: f
         data: [ -7.03443468e-01, -7.10458159e-01, -2.04085596e-02,
             -2.98908203e+02, 7.10641563e-01, -7.02540576e-01,
             -3.77528779e-02, -2.67061523e+03, 1.24840001e-02,
             -4.10601869e-02, 9.99078691e-01, -1.05559082e+02, 0., 0.,
             0., 1. ]
   -
      Pose: !!opencv-matrix
         rows: 4
         cols: 4
         dt: f
         data: [ -6.99603379e-01, -7.14386880e-01, -1.43690715e-02,
             -2.90972931e+02, 7.14328527e-01, -6.98784173e-01,
             -3.78874019e-02, -4.37821924e+03, 1.70253832e-02,
             -3.67703922e-02, 9.99178708e-01, -1.70867920e+02, 0., 0.,
             0., 1. ]
   -
      Pose: !!opencv-matrix
         rows: 4
         cols: 4
         dt: f
         data: [ -7.09920585e-01, -7.04045236e-01, -1.82498656e-02,
             -2.40070343e+02, 7.04139173e-01, -7.09017098e-01,
             -3.85068394e-02, -5.97313721e+03, 1.41710900e-02,
             -4.01872434e-02, 9.99091685e-01, -2.33743607e+02, 0., 0.,
             0., 1. ]
   -
      Pose: !!opencv-matrix
         rows: 4
         cols: 4
         dt: f
         data: [ -7.14798808e-01, -6.99157655e-01, -1.55296046e-02,
             -1.85344696e+02, 6.99091673e-01, -7.13799000e-01,
             -4.19746153e-02, -7.55117725e+03, 1.82618592e-02,
             -4.08600233e-02, 9.98997986e-01, -3.19491150e+02, 0., 0.,
             0., 1. ]
   -
      Pose: !!opencv-matrix
         rows: 4
         cols: 4
         dt: f
         data: [ -6.94696546e-01, -7.19127119e-01, -1.59025099e-02,
             -3.79146606e+02, 7.19073176e-01, -6.93746209e-01,
             -4.06198390e-02, -9.15645215e+03, 1.81785226e-02,
             -3.96535322e-02, 9.99048114e-01, -3.77828827e+02, 0., 0.,
             0., 1. ]
   -
      Pose: !!opencv-matrix
         rows: 4
         cols: 4
         dt: f
         data: [ -6.99717939e-01, -7.14291513e-01, -1.35070141e-02,
             -2.83096680e+02, 7.14121759e-01, -6.98755980e-01,
             -4.20746394e-02, -1.07749346e+04, 2.06154529e-02,
             -3.90860327e-02, 9.99023139e-01, -4.57655426e+02, 0., 0.,
             0., 1. ]
   -
      Pose: !!opencv-matrix
         rows: 4
         cols: 4
         dt: f
         data: [ -7.04054952e-01, -7.09953129e-01, -1.65285803e-02,
             -2.39662125e+02, 7.09935069e-01, -7.03089058e-01,
             -4.07182910e-02, -1.19386055e+04, 1.72870159e-02,
             -4.04021330e-02, 9.99033928e-01, -4.89814087e+02, 0., 0.,
             0., 1. ]
   -
      Pose: !!opencv-matrix
         rows: 4
         cols: 4
         dt: f
         data: [ -1.96449608e-01, -9.80373621e-01, -1.65864080e-02,
             -6.20247119e+03, 9.79875088e-01, -1.95682973e-01,
             -3.94085571e-02, -1.12666338e+04, 3.53894308e-02,
             -2.39944030e-02, 9.99085486e-01, -5.46911865e+02, 0., 0.,
             0., 1. ]
   -
      Pose: !!opencv-matrix
         rows: 4
         cols: 4
         dt: f
         data: [ 4.14704591e-01, -9.09808218e-01, -1.64029077e-02,
             -1.08330938e+04, 9.08914924e-01, 4.15024847e-01,
             -4.03482690e-02, -6.52675244e+03, 4.35167998e-02,
             1.82376395e-03, 9.99051034e-01, -4.40844238e+02, 0., 0., 0.,
             1. ]
   -
      Pose: !!opencv-matrix
         rows: 4
         cols: 4
         dt: f
         data: [ 6.79762006e-01, -7.33231783e-01, -1.71699692e-02,
             -1.18934512e+04, 7.32291400e-01, 6.79823697e-01,
             -3.98637019e-02, -3.90360938e+03, 4.09018844e-02,
             1.45244105e-02, 9.99057591e-01, -3.59386047e+02, 0., 0., 0.,
             1. ]
   -
      Pose: !!opencv-matrix
         rows: 4
         cols: 4
         dt: f
         data: [ 7.23826289e-01, -6.89852476e-01, -1.33832199e-02,
             -1.20276885e+04, 6.88925624e-01, 7.23654866e-01,
             -4.12927121e-02, -4.32633301e+03, 3.81707102e-02,
             2.06687041e-02, 9.99057472e-01, -3.40189056e+02, 0., 0., 0.,
             1. ]
   -
      Pose: !!opencv-matrix
         rows: 4
         cols: 4
         dt: f
         data: [ 7.22456694e-01, -6.91232741e-01, -1.59236230e-02,
             -1.20136436e+04, 6.90302968e-01, 7.22408593e-01,
             -4.00962085e-02, -5.84511035e+03, 3.92191745e-02,
             1.79756526e-02, 9.99068916e-01, -4.25680756e+02, 0., 0., 0.,
             1. ]
   -
      Pose: !!opencv-matrix
         rows: 4
         cols: 4
         dt: f
         data: [ 7.05624163e-01, -7.08462000e-01, -1.32732522e-02,
             -1.18955518e+04, 7.07558215e-01, 7.05485404e-01,
             -4.06407230e-02, -7.02925586e+03, 3.81564908e-02,
             1.92854758e-02, 9.99085665e-01, -4.44411163e+02, 0., 0., 0.,
             1. ]
   -
      Pose: !!opencv-matrix
         rows: 4
         cols: 4
         dt: f
         data: [ 7.09024429e-01, -7.05041468e-01, -1.41733214e-02,
             -1.19147363e+04, 7.04170525e-01, 7.08939612e-01,
             -3.93514857e-02, -7.90588232e+03, 3.77924591e-02,
             1.79207288e-02, 9.99124885e-01, -4.80807648e+02, 0., 0., 0.,
             1. ]
   -
      Pose: !!opencv-matrix
         rows: 4
         cols: 4
         dt: f
         data: [ 7.17464983e-01, -6.96480989e-01, -1.25772683e-02,
             -1.19904033e+04, 6.95595622e-01, 7.17285991e-01,
             -4.05898020e-02, -9.33585156e+03, 3.72915231e-02,
             2.03730706e-02, 9.99096751e-01, -5.30924744e+02, 0., 0., 0.,
             1. ]
   -
      Pose: !!opencv-matrix
         rows: 4
         cols: 4
         dt: f
         data: [ 7.11458385e-01, -7.02593327e-01, -1.37687456e-02,
             -1.19114297e+04, 7.01716304e-01, 7.11348593e-01,
             -3.97169217e-02, -1.22218486e+04, 3.76992226e-02,
             1.85951814e-02, 9.99116123e-01, -6.50465759e+02, 0., 0., 0.,
             1. ]
   -
      Pose: !!opencv-matrix
         rows: 4
         cols: 4
         dt: f
         data: [ 7.16023684e-01, -6.97946429e-01, -1.34489210e-02,
             -1.19768008e+04, 6.97132409e-01, 7.15924442e-01,
             -3.81916724e-02, -1.25053379e+04, 3.62841524e-02,
             1.79704633e-02, 9.99179900e-01, -6.40128174e+02, 0., 0., 0.,
             1. ]
   -
      Pose: !!opencv-matrix
         rows: 4
         cols: 4
         dt: f
         data: [ 7.21742868e-01, -6.92015111e-01, -1.42259542e-02,
             -1.20549385e+04, 6.91055059e-01, 7.21598685e-01,
             -4.16921712e-02, -1.27257178e+04, 3.91170420e-02,
             2.02601068e-02, 9.99029219e-01, -7.02594604e+02, 0., 0., 0.,
             1. ]
   -
      Pose: !!opencv-matrix
         rows: 4
         cols: 4
         dt: f
         data: [ 7.08479106e-01, -7.05613971e-01, -1.28946910e-02,
             -1.18698740e+04, 7.04665840e-01, 7.08294809e-01,
             -4.20067199e-02, -1.20302139e+04, 3.87737714e-02,
             2.06744373e-02, 9.99034107e-01, -6.59304932e+02, 0., 0., 0.,
             1. ]
   -
      Pose: !!opencv-matrix
         rows: 4
         cols: 4
         dt: f
         data: [ 6.92284644e-01, -7.21543312e-01, -1.08267004e-02,
             -1.16659170e+04, 7.20590413e-01, 6.92017674e-01,
             -4.31383736e-02, -1.10612217e+04, 3.86184715e-02,
             2.20624171e-02, 9.99010444e-01, -6.04807007e+02, 0., 0., 0.,
             1. ]
   -
      Pose: !!opencv-matrix
         rows: 4
         cols: 4
         dt: f
         data: [ 6.74463272e-01, -7.38208294e-01, -1.21581089e-02,
             -1.14786338e+04, 7.37303019e-01, 6.74312651e-01,
             -4.10694852e-02, -1.00030859e+04, 3.85162011e-02,
             1.87356509e-02, 9.99082327e-01, -5.51619507e+02, 0., 0., 0.,
             1. ]
   -
      Pose: !!opencv-matrix
         rows: 4
         cols: 4
         dt: f
         data: [ 6.68001890e-01, -7.44023442e-01, -1.42339589e-02,
             -1.14274561e+04, 7.43031561e-01, 6.67920053e-01,
             -4.22717705e-02, -8.85658594e+03, 4.09583375e-02,
             1.76613424e-02, 9.99004722e-01, -5.37306396e+02, 0., 0., 0.,
             1. ]
   -
      Pose: !!opencv-matrix
         rows: 4
         cols: 4
         dt: f
         data: [ 6.59101546e-01, -7.51923919e-01, -1.39854532e-02,
             -1.13737617e+04, 7.50919402e-01, 6.59014523e-01,
             -4.26603444e-02, -7.54603418e+03, 4.12939489e-02,
             1.76155511e-02, 9.98991728e-01, -4.81202942e+02, 0., 0., 0.,
             1. ]
   -
      Pose: !!opencv-matrix
         rows: 4
         cols: 4
         dt: f
         data: [ 6.01825714e-01, -7.98499346e-01, -1.43049238e-02,
             -1.09554199e+04, 7.97518849e-01, 6.01837337e-01,
             -4.18991931e-02, -7.41869678e+03, 4.20657136e-02,
             1.38075659e-02, 9.99019444e-01, -4.67801697e+02, 0., 0., 0.,
             1. ]
   -
      Pose: !!opencv-matrix
         rows: 4
         cols: 4
         dt: f
         data: [ 4.88761246e-01, -8.72311890e-01, -1.35813849e-02,
             -1.02080059e+04, 8.71396661e-01, 4.88883018e-01,
             -4.07587476e-02, -7.46029639e+03, 4.21940461e-02,
             8.08652211e-03, 9.99076724e-01, -4.43422394e+02, 0., 0., 0.,
             1. ]
   -
      Pose: !!opencv-matrix
         rows: 4
         cols: 4
         dt: f
         data: [ 2.44802862e-01, -9.69493628e-01, -1.23948399e-02,
             -8.55532324e+03, 9.68664765e-01, 2.45106757e-01,
             -4.01397422e-02, -8.75095313e+03, 4.19532843e-02,
             -2.18012067e-03, 9.99117196e-01, -4.58570282e+02, 0., 0.,
             0., 1. ]
   -
      Pose: !!opencv-matrix
         rows: 4
         cols: 4
         dt: f
         data: [ -1.41718403e-01, -9.89795208e-01, -1.48759922e-02,
             -5.51353125e+03, 9.89207447e-01, -1.41037390e-01,
             -3.97120304e-02, -1.01779023e+04, 3.72087061e-02,
             -2.03433689e-02, 9.99100447e-01, -4.86718079e+02, 0., 0.,
             0., 1. ]
   -
      Pose: !!opencv-matrix
         rows: 4
         cols: 4
         dt: f
         data: [ -5.44669807e-01, -8.38582695e-01, -1.06704794e-02,
             -1.81167346e+03, 8.38261545e-01, -5.43985546e-01,
             -3.73804830e-02, -9.66485449e+03, 2.55420394e-02,
             -2.93046720e-02, 9.99244153e-01, -3.82989349e+02, 0., 0.,
             0., 1. ]
   -
      Pose: !!opencv-matrix
         rows: 4
         cols: 4
         dt: f
         data: [ -5.59179485e-01, -8.28978419e-01, -1.06342696e-02,
             -1.66726709e+03, 8.28680336e-01, -5.58505237e-01,
             -3.68898399e-02, -1.00603594e+04, 2.46415846e-02,
             -2.94404514e-02, 9.99262750e-01, -3.91354095e+02, 0., 0.,
             0., 1. ]
   -
      Pose: !!opencv-matrix
         rows: 4
         cols: 4
         dt: f
         data: [ -8.68665457e-01, -4.95268524e-01, -1.13771558e-02,
             2.45940674e+03, 4.95330930e-01, -8.67935479e-01,
             -3.65414396e-02, -1.09677188e+04, 8.22318718e-03,
             -3.73777412e-02, 9.99267399e-01, -3.75099304e+02, 0., 0.,
             0., 1. ]
   -
      Pose: !!opencv-matrix
         rows: 4
         cols: 4
         dt: f
         data: [ -9.60756421e-01, -2.77208596e-01, -1.01235239e-02,
             4.61742285e+03, 2.77392119e-01, -9.60001826e-01,
             -3.80799919e-02, -1.05741514e+04, 8.37499567e-04,
             -3.93937826e-02, 9.99223411e-01, -3.58311951e+02, 0., 0.,
             0., 1. ]
   -
      Pose: !!opencv-matrix
         rows: 4
         cols: 4
         dt: f
         data: [ -9.81090903e-01, 1.93204328e-01, -1.15199471e-02,
             8.35563379e+03, -1.92655519e-01, -9.80545878e-01,
             -3.75984125e-02, -8.43094141e+03, -1.85600128e-02,
             -3.46680805e-02, 9.99226511e-01, -2.22647491e+02, 0., 0.,
             0., 1. ]
   -
      Pose: !!opencv-matrix
         rows: 4
         cols: 4
         dt: f
         data: [ -8.81627917e-01, 4.71741766e-01, -1.38531430e-02,
             1.01233047e+04, -4.70898747e-01, -8.81247759e-01,
             -4.07032706e-02, -6.80137646e+03, -3.14094834e-02,
             -2.93617137e-02, 9.99075234e-01, -1.36942642e+02, 0., 0.,
             0., 1. ]
   -
      Pose: !!opencv-matrix
         rows: 4
         cols: 4
         dt: f
         data: [ -8.02865088e-01, 5.96033335e-01, -1.23226596e-02,
             1.08465547e+04, -5.95276654e-01, -8.02628517e-01,
             -3.78579386e-02, -6.52395947e+03, -3.24551128e-02,
             -2.30594277e-02, 9.99207139e-01, -1.14816879e+02, 0., 0.,
             0., 1. ]
   -
      Pose: !!opencv-matrix
         rows: 4
         cols: 4
         dt: f
         data: [ -7.69459128e-01, 6.38546586e-01, -1.38162374e-02,
             1.11354414e+04, -6.37657762e-01, -7.69261479e-01,
             -4.03653383e-02, -7.54551318e+03, -3.64034474e-02,
             -2.22494472e-02, 9.99089479e-01, -1.51172623e+02, 0., 0.,
             0., 1. ]
   -
      Pose: !!opencv-matrix
         rows: 4
         cols: 4
         dt: f
         data: [ -7.63354003e-01, 6.45851731e-01, -1.28930947e-02,
             1.12085771e+04, -6.45048201e-01, -7.63172448e-01,
             -3.84793691e-02, -8.81134375e+03, -3.46916206e-02,
             -2.10567117e-02, 9.99176204e-01, -1.95763351e+02, 0., 0.,
             0., 1. ]
   -
      Pose: !!opencv-matrix
         rows: 4
         cols: 4
         dt: f
         data: [ -7.46649861e-01, 6.65128171e-01, -1.08854314e-02,
             1.12708779e+04, -6.64356112e-01, -7.46415794e-01,
             -3.86583060e-02, -1.25618369e+04, -3.38377878e-02,
             -2.16324162e-02, 9.99193192e-01, -3.64962433e+02, 0., 0.,
             0., 1. ]
   -
      Pose: !!opencv-matrix
         rows: 4
         cols: 4
         dt: f
         data: [ -7.42244422e-01, 6.70059621e-01, -9.66045726e-03,
             1.13390420e+04, -6.69237614e-01, -7.41923273e-01,
             -4.08766083e-02, -1.23349580e+04, -3.45570818e-02,
             -2.38752943e-02, 9.99117494e-01, -3.96696716e+02, 0., 0.,
             0., 1. ]
   -
      Pose: !!opencv-matrix
         rows: 4
         cols: 4
         dt: f
         data: [ -7.13983715e-01, 7.00058460e-01, -1.20606814e-02,
             1.17374102e+04, -6.99012578e-01, -7.13692248e-01,
             -4.49972749e-02, -1.08510605e+04, -4.01083380e-02,
             -2.36967523e-02, 9.98914301e-01, -3.46973022e+02, 0., 0.,
             0., 1. ]
   -
      Pose: !!opencv-matrix
         rows: 4
         cols: 4
         dt: f
         data: [ -6.83233857e-01, 7.30103552e-01, -1.18469484e-02,
             1.20893145e+04, -7.29056060e-01, -6.82981670e-01,
             -4.48695123e-02, -9.06650586e+03, -4.08506393e-02,
             -2.20192801e-02, 9.98922586e-01, -2.70327728e+02, 0., 0.,
             0., 1. ]
   -
      Pose: !!opencv-matrix
         rows: 4
         cols: 4
         dt: f
         data: [ -7.15870798e-01, 6.98128343e-01, -1.20742749e-02,
             1.17508301e+04, -6.97082639e-01, -7.15576887e-01,
             -4.50049900e-02, -8.34186914e+03, -4.00593318e-02,
             -2.38009915e-02, 9.98913765e-01, -2.46398499e+02, 0., 0.,
             0., 1. ]
   -
      Pose: !!opencv-matrix
         rows: 4
         cols: 4
         dt: f
         data: [ -7.23298728e-01, 6.90428734e-01, -1.21283783e-02,
             1.16637266e+04, -6.89383686e-01, -7.22995102e-01,
             -4.50351983e-02, -7.18440527e+03, -3.98623534e-02,
             -2.42127981e-02, 9.98911798e-01, -2.01398682e+02, 0., 0.,
             0., 1. ]
   -
      Pose: !!opencv-matrix
         rows: 4
         cols: 4
         dt: f
         data: [ -7.27290511e-01, 6.86222017e-01, -1.21578388e-02,
             1.16177783e+04, -6.85177445e-01, -7.26981580e-01,
             -4.50513326e-02, -5.96357422e+03, -3.97537425e-02,
             -2.44351309e-02, 9.98910666e-01, -1.53249054e+02, 0., 0.,
             0., 1. ]
   -
      Pose: !!opencv-matrix
         rows: 4
         cols: 4
         dt: f
         data: [ -7.21916556e-01, 6.91874027e-01, -1.21182390e-02,
             1.16237773e+04, -6.90828860e-01, -7.21614718e-01,
             -4.50295992e-02, -4.51066016e+03, -3.98995094e-02,
             -2.41359845e-02, 9.98912156e-01, -9.50392456e+01, 0., 0.,
             0., 1. ]
   -
      Pose: !!opencv-matrix
         rows: 4
         cols: 4
         dt: f
         data: [ -7.47079492e-01, 6.64620757e-01, -1.23080807e-02,
             1.15516055e+04, -6.63578749e-01, -7.46743917e-01,
             -4.51302119e-02, -3.64656104e+03, -3.91854607e-02,
             -2.55484749e-02, 9.98905301e-01, -6.15516434e+01, 0., 0.,
             0., 1. ]
   -
      Pose: !!opencv-matrix
         rows: 4
         cols: 4
         dt: f
         data: [ -9.36584532e-01, 3.50147903e-01, -1.43498499e-02,
             1.02944375e+04, -3.49202901e-01, -9.35930789e-01,
             -4.57265042e-02, -6.57931934e+03, -2.94415057e-02,
             -3.78157273e-02, 9.98850942e-01, -1.97655640e+02, 0., 0.,
             0., 1. ]
   -
      Pose: !!opencv-matrix
         rows: 4
         cols: 4
         dt: f
         data: [ -9.94975448e-01, -9.88457277e-02, -1.59173552e-02,
             7.34571338e+03, 9.94108692e-02, -9.94248569e-01,
             -3.98406014e-02, -9.43962207e+03, -1.18877338e-02,
             -4.12227809e-02, 9.99079287e-01, -2.59069122e+02, 0., 0.,
             0., 1. ]
   -
      Pose: !!opencv-matrix
         rows: 4
         cols: 4
         dt: f
         data: [ -9.79372621e-01, -2.01260641e-01, -1.79828890e-02,
             6.51746094e+03, 2.01824293e-01, -9.78656352e-01,
             -3.87131274e-02, -9.84882227e+03, -9.80763976e-03,
             -4.15439606e-02, 9.99088526e-01, -2.63512939e+02, 0., 0.,
             0., 1. ]
   -
      Pose: !!opencv-matrix
         rows: 4
         cols: 4
         dt: f
         data: [ -9.32085037e-01, -3.61492276e-01, -2.32550465e-02,
             5.03396533e+03, 3.62173945e-01, -9.31215286e-01,
             -4.08421345e-02, -1.13684561e+04, -6.89133955e-03,
             -4.64907177e-02, 9.98894930e-01, -3.44401428e+02, 0., 0.,
             0., 1. ]
   -
      Pose: !!opencv-matrix
         rows: 4
         cols: 4
         dt: f
         data: [ -7.78826952e-01, -6.27071321e-01, -1.44935185e-02,
             1.74384058e+03, 6.27112448e-01, -7.77998328e-01,
             -3.80606949e-02, -1.36533760e+04, 1.25908377e-02,
             -3.87317613e-02, 9.99170303e-01, -4.95376526e+02, 0., 0.,
             0., 1. ]
   -
      Pose: !!opencv-matrix
         rows: 4
         cols: 4
         dt: f
         data: [ -8.12089443e-01, -5.83229423e-01, -1.88194998e-02,
             2.35997607e+03, 5.83485782e-01, -8.11191142e-01,
             -3.89009938e-02, -1.49773311e+04, 7.42199365e-03,
             -4.25719954e-02, 9.99065816e-01, -5.37569702e+02, 0., 0.,
             0., 1. ]
   -
      Pose: !!opencv-matrix
         rows: 4
         cols: 4
         dt: f
         data: [ -7.52090454e-01, -6.58719718e-01, -2.11731922e-02,
             1.00981842e+03, 6.58983052e-01, -7.51123965e-01,
             -3.94224115e-02, -1.68241504e+04, 1.00646289e-02,
             -4.36019935e-02, 9.98998284e-01, -6.40392151e+02, 0., 0.,
             0., 1. ]
   -
      Pose: !!opencv-matrix
         rows: 4
         cols: 4
         dt: f
         data: [ -6.94404900e-01, -7.19369769e-01, -1.75757725e-02,
             -3.23582153e+02, 7.19401896e-01, -6.93471432e-01,
             -3.94756980e-02, -1.85616211e+04, 1.62093285e-02,
             -4.00561616e-02, 9.99065936e-01, -7.38271545e+02, 0., 0.,
             0., 1. ]
   -
      Pose: !!opencv-matrix
         rows: 4
         cols: 4
         dt: f
         data: [ -7.18592942e-01, -6.95174515e-01, -1.88834220e-02,
             2.80893066e+02, 6.95293009e-01, -7.17644691e-01,
             -3.94169278e-02, -2.00595293e+04, 1.38500547e-02,
             -4.14542370e-02, 9.99044418e-01, -7.84840393e+02, 0., 0.,
             0., 1. ]
   -
      Pose: !!opencv-matrix
         rows: 4
         cols: 4
         dt: f
         data: [ -7.13184178e-01, -7.00684845e-01, -2.02248860e-02,
             1.34216660e+02, 7.00849354e-01, -7.12207854e-01,
             -3.96251082e-02, -2.10513613e+04, 1.33603895e-02,
             -4.24345993e-02, 9.99009907e-01, -8.30448792e+02, 0., 0.,
             0., 1. ]
   -
      Pose: !!opencv-matrix
         rows: 4
         cols: 4
         dt: f
         data: [ -7.01101184e-01, -7.12794483e-01, -1.95233356e-02,
             -2.07637070e+02, 7.12898135e-01, -7.00090826e-01,
             -4.06087190e-02, -2.26454668e+04, 1.52775636e-02,
             -4.23889682e-02, 9.98984396e-01, -9.22806274e+02, 0., 0.,
             0., 1. ]
   -
      Pose: !!opencv-matrix
         rows: 4
         cols: 4
         dt: f
         data: [ -6.98338687e-01, -7.15580106e-01, -1.63767450e-02,
             -2.75505127e+02, 7.15558887e-01, -6.97400033e-01,
             -4.01082076e-02, -2.39129941e+04, 1.72794927e-02,
             -3.97276394e-02, 9.99061108e-01, -9.63975464e+02, 0., 0.,
             0., 1. ]
   -
      Pose: !!opencv-matrix
         rows: 4
         cols: 4
         dt: f
         data: [ -6.96262062e-01, -7.17567146e-01, -1.77910049e-02,
             -3.41632782e+02, 7.17607975e-01, -6.95319235e-01,
             -3.96221839e-02, -2.50307734e+04, 1.60611495e-02,
             -4.03543897e-02, 9.99056339e-01, -9.97848145e+02, 0., 0.,
             0., 1. ]
   -
      Pose: !!opencv-matrix
         rows: 4
         cols: 4
         dt: f
         data: [ -6.90401614e-01, -7.23243058e-01, -1.62811484e-02,
             -5.33322510e+02, 7.23205626e-01, -6.89460278e-01,
             -4.02264707e-02, -2.67629160e+04, 1.78683121e-02,
             -3.95470373e-02, 9.99057949e-01, -1.08574280e+03, 0., 0.,
             0., 1. ]
   -
      Pose: !!opencv-matrix
         rows: 4
         cols: 4
         dt: f
         data: [ -6.69288456e-01, -7.42822230e-01, -1.63727924e-02,
             -1.27063013e+03, 7.42777288e-01, -6.68380201e-01,
             -3.93685475e-02, -2.81977090e+04, 1.83005836e-02,
             -3.85102518e-02, 9.99090612e-01, -1.13155493e+03, 0., 0.,
             0., 1. ]
   -
      Pose: !!opencv-matrix
         rows: 4
         cols: 4
         dt: f
         data: [ -7.12441087e-01, -7.01606572e-01, -1.32629620e-02,
             3.63988739e+02, 7.01488674e-01, -7.11569309e-01,
             -3.97844464e-02, -2.95312012e+04, 1.84755139e-02,
             -3.76478918e-02, 9.99120235e-01, -1.17172083e+03, 0., 0.,
             0., 1. ]
   -
      Pose: !!opencv-matrix
         rows: 4
         cols: 4
         dt: f
         data: [ -7.04174638e-01, -7.09869504e-01, -1.49453590e-02,
             2.58350868e+01, 7.09792316e-01, -7.03245044e-01,
             -4.05132696e-02, -3.12864023e+04, 1.82488859e-02,
             -3.91365141e-02, 9.99067247e-01, -1.26818286e+03, 0., 0.,
             0., 1. ]
   -
      Pose: !!opencv-matrix
         rows: 4
         cols: 4
         dt: f
         data: [ -6.79482102e-01, -7.33509839e-01, -1.63516682e-02,
             -9.96469910e+02, 7.33456910e-01, -6.78531408e-01,
             -4.04489636e-02, -3.28674961e+04, 1.85745917e-02,
             -3.94775905e-02, 9.99047816e-01, -1.34641541e+03, 0., 0.,
             0., 1. ]
   -
      Pose: !!opencv-matrix
         rows: 4
         cols: 4
         dt: f
         data: [ -6.74029887e-01, -7.38557875e-01, -1.46968979e-02,
             -1.20841846e+03, 7.38438368e-01, -6.73120439e-01,
             -4.02204171e-02, -3.41322773e+04, 1.98123250e-02,
             -3.79625149e-02, 9.99082744e-01, -1.39187683e+03, 0., 0.,
             0., 1. ]
   -
      Pose: !!opencv-matrix
         rows: 4
         cols: 4
         dt: f
         data: [ -6.90113544e-01, -7.23469079e-01, -1.83237474e-02,
             -4.92489471e+02, 7.23515213e-01, -6.89141214e-01,
             -4.01257761e-02, -3.59246641e+04, 1.64021105e-02,
             -4.09488529e-02, 9.99026597e-01, -1.45068982e+03, 0., 0.,
             0., 1. ]
   -
      Pose: !!opencv-matrix
         rows: 4
         cols: 4
         dt: f
         data: [ -6.85497820e-01, -7.27852106e-01, -1.80010013e-02,
             -6.93107910e+02, 7.27879584e-01, -6.84532344e-01,
             -4.00847085e-02, -3.77408086e+04, 1.68534722e-02,
             -4.05805409e-02, 9.99034107e-01, -1.52565417e+03, 0., 0.,
             0., 1. ]
   -
      Pose: !!opencv-matrix
         rows: 4
         cols: 4
         dt: f
         data: [ -6.89841032e-01, -7.23775744e-01, -1.63710937e-02,
             -4.62137451e+02, 7.23738611e-01, -6.88892603e-01,
             -4.03655358e-02, -3.90088008e+04, 1.79376695e-02,
             -3.96941938e-02, 9.99050856e-01, -1.58307568e+03, 0., 0.,
             0., 1. ]
   -
      Pose: !!opencv-matrix
         rows: 4
         cols: 4
         dt: f
         data: [ -6.96624160e-01, -7.17167675e-01, -1.96292456e-02,
             -1.03243599e+02, 7.17277169e-01, -6.95632756e-01,
             -4.01066281e-02, -4.08368984e+04, 1.51084298e-02,
             -4.20188569e-02, 9.99002576e-01, -1.63977563e+03, 0., 0.,
             0., 1. ]
   -
      Pose: !!opencv-matrix
         rows: 4
         cols: 4
         dt: f
         data: [ -7.22469628e-01, -6.91294074e-01, -1.22514758e-02,
             1.39728772e+03, 6.91146195e-01, -7.21605599e-01,
             -4.00287807e-02, -4.21578164e+04, 1.88309252e-02,
             -3.73871401e-02, 9.99123394e-01, -1.67281055e+03, 0., 0.,
             0., 1. ]
   -
      Pose: !!opencv-matrix
         rows: 4
         cols: 4
         dt: f
         data: [ -8.85676026e-01, -4.64066952e-01, -1.48278726e-02,
             1.26908496e+04, 4.64271069e-01, -8.84782851e-01,
             -4.01457101e-02, -4.12122578e+04, 5.51085034e-03,
             -4.24402468e-02, 9.99083817e-01, -1.46765784e+03, 0., 0.,
             0., 1. ]
   -
      Pose: !!opencv-matrix
         rows: 4
         cols: 4
         dt: f
         data: [ -9.99087930e-01, -4.06921133e-02, -1.29387388e-02,
             2.86591270e+04, 4.11762148e-02, -9.98364627e-01,
             -3.96557972e-02, -3.33309258e+04, -1.13039007e-02,
             -4.01523970e-02, 9.99129653e-01, -9.52559143e+02, 0., 0.,
             0., 1. ]
   -
      Pose: !!opencv-matrix
         rows: 4
         cols: 4
         dt: f
         data: [ -9.46514666e-01, 3.22364092e-01, -1.38345808e-02,
             3.83234023e+04, -3.21617812e-01, -9.46032107e-01,
             -3.98150161e-02, -2.20145195e+04, -2.59228889e-02,
             -3.32360491e-02, 9.99111295e-01, -3.47052734e+02, 0., 0.,
             0., 1. ]
   -
      Pose: !!opencv-matrix
         rows: 4
         cols: 4
         dt: f
         data: [ -7.93658733e-01, 6.08223796e-01, -1.30238608e-02,
             4.29522695e+04, -6.07449591e-01, -7.93457985e-01,
             -3.78077328e-02, -9.69525293e+03, -3.33294496e-02,
             -2.20950972e-02, 9.99200165e-01, 1.91839005e+02, 0., 0., 0.,
             1. ]
   -
      Pose: !!opencv-matrix
         rows: 4
         cols: 4
         dt: f
         data: [ -7.31290042e-01, 6.81967437e-01, -1.16311861e-02,
             4.35429180e+04, -6.81083918e-01, -7.31045306e-01,
             -4.12004516e-02, -5.81662158e+03, -3.66002917e-02,
             -2.22076643e-02, 9.99083221e-01, 2.66159851e+02, 0., 0., 0.,
             1. ]
   -
      Pose: !!opencv-matrix
         rows: 4
         cols: 4
         dt: f
         data: [ -7.19864845e-01, 6.94048405e-01, -9.55863763e-03,
             4.36053281e+04, -6.93187714e-01, -7.19547093e-01,
             -4.17465903e-02, -4.79383154e+03, -3.58520448e-02,
             -2.34259740e-02, 9.99082506e-01, 2.15380386e+02, 0., 0., 0.,
             1. ]
   -
      Pose: !!opencv-matrix
         rows: 4
         cols: 4
         dt: f
         data: [ -6.40241623e-01, 7.68116176e-01, -9.39005613e-03,
             4.36007422e+04, -7.67466366e-01, -6.40128791e-01,
             -3.50788832e-02, 1.03369470e+03, -3.29555050e-02,
             -1.52524095e-02, 9.99340415e-01, 4.42923187e+02, 0., 0., 0.,
             1. ]
MapPoints:
   -
      Pos: [ 1.3662172851562500e+03, 3.4089223632812500e+03,
          3.4481657714843750e+03 ]
   -
      Pos: [ 1.2506458740234375e+03, 3.2414541015625000e+03,
          3.4340366210937500e+03 ]
   -
      Pos: [ -4.8001657104492188e+02, 3.1192004394531250e+03,
          3.9034411621093750e+03 ]
   -
      Pos: [ 3.4742170410156250e+03, 1.5619038085937500e+03,
          3.5499660644531250e+03 ]
   -
      Pos: [ -4.2535757446289063e+02, 3.1278237304687500e+03,
          3.9035776367187500e+03 ]
   -
      Pos: [ -3.2326062011718750e+02, 3.2790664062500000e+03,
          3.9913105468750000e+03 ]
   -
      Pos: [ -1.0322753906250000e+03, 9.0313940429687500e+02,
          3.3606579589843750e+03 ]
   -
      Pos: [ -1.0865787353515625e+03, 7.7710101318359375e+02,
          3.2974089355468750e+03 ]
   -
      Pos: [ -2.9326226806640625e+02, 4.4695605468750000e+02,
          3.3443239746093750e+03 ]
   -
      Pos: [ -5.3534722900390625e+02, 1.9794883728027344e+02,
          3.3573950195312500e+03 ]
   -
      Pos: [ -1.7016009521484375e+03, -9.8027014160156250e+02,
          3.4361984863281250e+03 ]
   -
      Pos: [ 2.0690986328125000e+03, 2.9335212402343750e+03,
          3.4873325195312500e+03 ]
   -
      Pos: [ 3.3526179199218750e+03, 1.4814434814453125e+03,
          3.4838981933593750e+03 ]
   -
      Pos: [ 9.4825561523437500e+02, -1.1577919921875000e+03,
          3.5644431152343750e+03 ]
   -
      Pos: [ 1.0697907714843750e+03, -1.0091890869140625e+03,
          3.5267639160156250e+03 ]
   -
      Pos: [ 3.1152902832031250e+03, 1.3812626953125000e+03,
          3.3603833007812500e+03 ]
   -
      Pos: [ -2.5023586425781250e+03, -1.8811102294921875e+03,
          3.5066245117187500e+03 ]
   -
      Pos: [ -5.3605712890625000e+02, 1.8966699218750000e+02,
          3.3401149902343750e+03 ]
   -
      Pos: [ -2.8941857910156250e+02, 4.4207223510742188e+02,
          3.3241386718750000e+03 ]
   -
      Pos: [ 1.6018298339843750e+03, 8.4166687011718750e+02,
          3.2387277832031250e+03 ]
   -
      Pos: [ -1.7843245849609375e+03, -1.0637872314453125e+03,
          3.4756477050781250e+03 ]
   -
      Pos: [ -1.7200118408203125e+03, -9.9361505126953125e+02,
          3.4782531738281250e+03 ]
   -
      Pos: [ -1.7226472167968750e+03, -5.9600134277343750e+02,
          3.4249406738281250e+03 ]
   -
      Pos: [ -1.0962623291015625e+03, 7.7384265136718750e+02,
          3.4161054687500000e+03 ]
   -
      Pos: [ -1.0202966918945313e+03, 9.0132391357421875e+02,
          3.3018432617187500e+03 ]
   -
      Pos: [ -9.8675677490234375e+02, 9.4304974365234375e+02,
          3.3081472167968750e+03 ]
   -
      Pos: [ -4.4185165405273438e+02, 3.1234904785156250e+03,
          3.9139057617187500e+03 ]
   -
      Pos: [ 1.8021359863281250e+03, 2.6516040039062500e+03,
          3.4514702148437500e+03 ]
   -
      Pos: [ 2.0671447753906250e+03, 2.9288703613281250e+03,
          3.4824638671875000e+03 ]
   -
      Pos: [ 8.2309417724609375e+02, 1.6801330566406250e+03,
          3.3723122558593750e+03 ]
   -
      Pos: [ 8.6192047119140625e+02, 1.7355081787109375e+03,
          3.3203527832031250e+03 ]
   -
      Pos: [ 1.3301278076171875e+03, 3.3500595703125000e+03,
          3.4463442382812500e+03 ]
   -
      Pos: [ 1.3858527832031250e+03, 3.4397905273437500e+03,
          3.4526120605468750e+03 ]
   -
      Pos: [ 1.4081794433593750e+03, 3.4964946289062500e+03,
          3.4761589355468750e+03 ]
   -
      Pos: [ -4.7347030639648438e+02, 3.1292453613281250e+03,
          3.9274030761718750e+03 ]
   -
      Pos: [ -9.0299597167968750e+02, 3.2112709960937500e+03,
          3.7789626464843750e+03 ]
   -
      Pos: [ 1.4528648681640625e+03, 5.5646152343750000e+03,
          3.7703220214843750e+03 ]
   -
      Pos: [ -1.4488714599609375e+03, 4.6735493164062500e+03,
          4.8095991210937500e+03 ]
   -
      Pos: [ -9.0838555908203125e+02, 3.2431384277343750e+03,
          3.8371748046875000e+03 ]
   -
      Pos: [ -3.2448037109375000e+03, 7.1510406494140625e+02,
          3.8500576171875000e+03 ]
   -
      Pos: [ 1.3609937744140625e+03, 3.4218793945312500e+03,
          3.4137666015625000e+03 ]
   -
      Pos: [ 1.0879721679687500e+03, -1.0393397216796875e+03,
          3.5758999023437500e+03 ]
   -
      Pos: [ 1.2437088623046875e+03, 3.2523859863281250e+03,
          3.4406687011718750e+03 ]
   -
      Pos: [ 8.6722955322265625e+02, 1.7359383544921875e+03,
          3.3206643066406250e+03 ]
   -
      Pos: [ -2.4768127441406250e+03, -1.8612277832031250e+03,
          3.4742744140625000e+03 ]
   -
      Pos: [ -1.7738308105468750e+03, -1.0439041748046875e+03,
          3.4389321289062500e+03 ]
   -
      Pos: [ -1.7048039550781250e+03, -9.7293988037109375e+02,
          3.4386669921875000e+03 ]
   -
      Pos: [ -9.8027526855468750e+02, 9.4574169921875000e+02,
          3.2845270996093750e+03 ]
   -
      Pos: [ -5.3524798583984375e+02, 1.6993696594238281e+02,
          3.3786093750000000e+03 ]
   -
